Iteration	bike	car	freight	pt	ride	walk
0	0.0	0.0	0.0	0.0	0.0	0.0
1	0.0	0.0	0.0	0.0	0.0	0.0
2	0.0	0.0	0.0	0.0	0.0	0.0
3	0.0	0.0	0.0	0.0	0.0	0.0
4	0.0	0.0	0.0	0.0	0.0	0.0
5	0.0	0.0	0.0	0.0	0.0	0.0
6	0.0	0.0	0.0	0.0	0.0	0.0
7	0.0	0.0	0.0	0.0	0.0	0.0
8	0.0	0.0	0.0	0.0	0.0	0.0
9	0.07586176593360722	0.15205857152272778	0.030213985983259	0.10939319375178505	0.03277896170661511	0.17753806270184766
10	0.09143836368829229	0.16887097128545378	0.030213985983259	0.1371081134521168	0.04147900784322341	0.20010106114199092
11	0.10338444976602149	0.18027330447964496	0.030213985983259	0.1546565019662983	0.0480864292462157	0.21516686073335237
12	0.1130072280686337	0.1888360392820265	0.030213985983259	0.1673605466089593	0.053804073203418505	0.22640442032647143
13	0.12142166663005032	0.19510842102950546	0.030213985983259	0.1765109739218314	0.05918667750510798	0.23536810422479512
14	0.1290287145462135	0.20101280840125668	0.030213985983259	0.1842113935452688	0.06439901575235626	0.24319485027572116
15	0.1357844321901707	0.20622514664850494	0.030213985983259	0.19076938286793946	0.06866115956675528	0.2491706395412703
16	0.14194147241689917	0.21008084891359272	0.030213985983259	0.1967232023200123	0.07324186567656041	0.2549816552057473
17	0.14728562954500515	0.21367840587033415	0.030213985983259	0.202199178328976	0.07769075290550784	0.25999077267834
18	0.15219588285695454	0.21703978733220555	0.030213985983259	0.2069721203066986	0.08190346463958521	0.26483511654986047
19	0.15706768899532042	0.21977502911000285	0.030213985983259	0.21150888678955115	0.0860942065601863	0.2687237735351627
20	0.16157150075795856	0.22219170859239404	0.030213985983259	0.21548542302875848	0.09030142584089461	0.2725904607069886
21	0.16559746907748754	0.22436672012654613	0.030213985983259	0.21899510073159478	0.09394841487795769	0.27599028934244346
22	0.16925544302128875	0.22642089768657864	0.030213985983259	0.22260364259507437	0.09790298130368873	0.2787969330140387
23	0.1731331150998528	0.2283926884460751	0.030213985983259	0.22551464288068193	0.10185205527605071	0.2817793351934442
24	0.17667574752290352	0.22962299800074698	0.030213985983259	0.22829382428543182	0.10557044620691171	0.2841355976887756
25	0.1801140233319419	0.23060065470044158	0.030213985983259	0.2309576641694312	0.10901970692268823	0.28659621679811936
26	0.1831733198585144	0.231715622734363	0.030213985983259	0.23329195685128634	0.11212294307621329	0.2888591075861766
27	0.18619966166487248	0.23292945492892767	0.030213985983259	0.2357306061471538	0.11541841509765582	0.2907265417316607
28	0.18902827514994397	0.2341268097633851	0.030213985983259	0.23777929125381725	0.11884021354658698	0.29280818155853855
29	0.19190632071533711	0.23508249664960346	0.030213985983259	0.24003668958850538	0.12218511764835116	0.2946866006107608
30	0.19393852846189336	0.23585144012127338	0.030213985983259	0.24203045016147812	0.12514555001428038	0.2966583913702573
31	0.1964211173847134	0.2365270118856691	0.030213985983259	0.2439418239339148	0.1278038974449107	0.2984049915416218
32	0.1989860931080695	0.2370927345826834	0.030213985983259	0.24614429773491223	0.13041830524858844	0.2999923105652833
33	0.20122701408265045	0.23760902519937604	0.030213985983259	0.24810510358767054	0.1330711602258497	0.3013764088142892
34	0.20369861809873235	0.23812531581606872	0.030213985983259	0.24970340751807016	0.13566359821605115	0.3026286881824373
35	0.20609332776764724	0.2388283498473098	0.030213985983259	0.2514390227826966	0.13823406639277633	0.3039798317112288
36	0.20838368082254982	0.2392402838499901	0.030213985983259	0.25314168332710857	0.14052441944767888	0.30514972427884085
37	0.2101961904343432	0.2398060065470044	0.030213985983259	0.25480040424456796	0.1429026517564866	0.3062976470329767
38	0.21211854911351802	0.24043763868444756	0.030213985983259	0.2564536327086583	0.14507766329063868	0.3074126150668981
39	0.21389261155172792	0.24072873871300832	0.030213985983259	0.25811235362611773	0.14712085594393304	0.3083737944064855
40	0.21582046268427182	0.241245029329701	0.030213985983259	0.2596667179295648	0.14925192785113253	0.30947228508029967
41	0.2171825911198014	0.24175582749302457	0.030213985983259	0.2609684293780346	0.15168508469363096	0.31059274556759014
42	0.21908297998549991	0.24221170112265747	0.030213985983259	0.26223718610628993	0.15383812641430675	0.3116363117077136
43	0.22064832919568514	0.24255772568490894	0.030213985983259	0.2636652239822484	0.15579893226706507	0.31255355142034846
44	0.22241689918052596	0.24285981062020784	0.030213985983259	0.2649669354307182	0.15783114001362128	0.31349276094645956
45	0.2241799767119977	0.2431289408352923	0.030213985983259	0.2661423204516994	0.15968758925236726	0.31425621196476045
46	0.22560801458795615	0.24355735219807984	0.030213985983259	0.2673781224597403	0.1615440384911132	0.315074587516752
47	0.2273161675857372	0.2440187182810818	0.030213985983259	0.26858096974756684	0.1635268141573478	0.31570621965419515
48	0.2286728035678977	0.24432629566974975	0.030213985983259	0.2697948019421315	0.1650537161939495	0.3164806555792341
49	0.23030406221851177	0.24457894852472703	0.030213985983259	0.27106905112375596	0.16699804468660062	0.31721664433068963
50	0.23168816046751764	0.2447876617527517	0.030213985983259	0.2722169738778918	0.16866775051079816	0.3179746028956214
51	0.23308873607663072	0.24501285234088363	0.030213985983259	0.27333194191181315	0.17030999406815037	0.318792978447613
52	0.23415427203023045	0.24523804292901552	0.030213985983259	0.2744084627721511	0.17195223762550255	0.31955642946591384
53	0.23549443065228376	0.245584067491267	0.030213985983259	0.27550146099259615	0.1736054660895929	0.32021552387020236
54	0.23655996660588352	0.24582024298613706	0.030213985983259	0.2764626403321836	0.1750554737790276	0.32081420128743104
55	0.23790012522793683	0.2460728958411143	0.030213985983259	0.277423819671771	0.1763626776808665	0.3215007579585649
56	0.23886679702089328	0.2463365336028297	0.030213985983259	0.27827514994397695	0.1779664740646352	0.3221763297229607
57	0.23985543862732606	0.2466386185381286	0.030213985983259	0.2794011028846365	0.1795153459147132	0.32289034866093985
58	0.24090998967418767	0.24691873365995123	0.030213985983259	0.2804226992112837	0.18093239888393348	0.3234560713579542
59	0.24228859546982445	0.24708350726102335	0.030213985983259	0.28128501439022785	0.18226157259924863	0.32408770349539734
60	0.2431893578223521	0.2472812355823099	0.030213985983259	0.2822956258101369	0.18355779159434937	0.32488960168728165
61	0.24404618054792715	0.24745150163675111	0.030213985983259	0.28310301645539027	0.18482654832260473	0.3253619526770218
62	0.24502383724762178	0.24760529033108508	0.030213985983259	0.28407518070171583	0.18614473713118176	0.3258672583869763
63	0.24598501658720917	0.2478249884658479	0.030213985983259	0.2848331392666476	0.1875892523672474	0.3263341169233473
64	0.24691324120658215	0.24816002812136126	0.030213985983259	0.2856295450051629	0.1889678581628842	0.32695476415405234
65	0.24777006393215723	0.24835226398927873	0.030213985983259	0.28641496583694004	0.19017070545071071	0.32752048685106666
66	0.24859942439088692	0.2485115451369818	0.030213985983259	0.2872882659226223	0.19119779423072697	0.3279983302941758
67	0.24945624711646197	0.24868730364479205	0.030213985983259	0.28800228486060153	0.1923292396247556	0.3284432190170705
68	0.25026913021508446	0.24889052441944767	0.030213985983259	0.2886668717182591	0.19341674539183162	0.3289045851000725
69	0.2512083397411956	0.2491321923676868	0.030213985983259	0.28948524727025066	0.19458114550607467	0.3293769360898126
70	0.2520981171869851	0.24937386031592593	0.030213985983259	0.29014983412790823	0.1956686512731507	0.3299591361469341
71	0.25293297009908383	0.24946723202320012	0.030213985983259	0.2909187775995782	0.19684952874750095	0.33038754750972166
72	0.253718390930861	0.24958806599731967	0.030213985983259	0.29169870597798625	0.19804688358195838	0.33100819474042664
73	0.2544983193092691	0.24989015093261857	0.030213985983259	0.2924456796361799	0.19896412329459323	0.3314530834633214
74	0.25515741371355755	0.25009886416064325	0.030213985983259	0.2930992815870993	0.200029659248193	0.3320627457872883
75	0.2557890458510007	0.25033503965551335	0.030213985983259	0.293851747698662	0.20094689896082782	0.3325186194169211
76	0.25655798932267065	0.2504723509897401	0.030213985983259	0.2944449326625217	0.20190258584704615	0.33300744776676844
77	0.25738185732803126	0.25067007931102664	0.030213985983259	0.29505459498648856	0.20275391611925214	0.33351824593009205
78	0.258057429092427	0.25088428499242044	0.030213985983259	0.29563679504361007	0.20383043697959005	0.3340125667333084
79	0.258678076323132	0.2511204604872905	0.030213985983259	0.2962958894478986	0.2046872597051651	0.33436408374892895
80	0.25940857262121847	0.25127424918162444	0.030213985983259	0.29704286310609224	0.20560999187116902	0.33491882153920516
81	0.26016653118615024	0.25141156051585123	0.030213985983259	0.2976635103367972	0.2064448447832678	0.33541314234242153
82	0.2607432387899027	0.2515049322231254	0.030213985983259	0.29835555946130016	0.20733462222905727	0.3359294329591142
83	0.2614517652745128	0.25163125865061403	0.030213985983259	0.29885537271788565	0.2083067864753828	0.3364347386690687
84	0.26201748797152713	0.2518289869719006	0.030213985983259	0.2995474218423886	0.20932838280203	0.33693455192565414
85	0.26273150690950636	0.25199376057297274	0.030213985983259	0.3001790539798317	0.21024562251466486	0.3374288727288705
86	0.2633796164070567	0.25227936814816443	0.030213985983259	0.30069534459652436	0.2109376716391678	0.33784629918491993
87	0.2640387108113452	0.25238372476217674	0.030213985983259	0.3013159918272294	0.21175604719115934	0.3383406199881363
88	0.26469780521563374	0.25250455873629635	0.030213985983259	0.3018762220708746	0.21256343783641277	0.3386811520970187
89	0.2651976184722192	0.2527187644176901	0.030213985983259	0.3024364523145199	0.2134257530153569	0.33923588988729486
90	0.2659116374101984	0.25299338708614366	0.030213985983259	0.302914295757629	0.21415075686007426	0.33978513522420195
91	0.2662137223454973	0.25314168332710857	0.030213985983259	0.30338115429400003	0.2149911022255421	0.3402684711206802
92	0.2665542544543797	0.2532899795680735	0.030213985983259	0.30398532416459784	0.21591383439154602	0.34066392776325327
93	0.2670595601643342	0.2534492607157765	0.030213985983259	0.30452907704813587	0.21668277786321594	0.34110881648614805
94	0.26750444888722896	0.25361403431684865	0.030213985983259	0.30507832238504295	0.217462706241624	0.3415042731287211
95	0.2678010413691588	0.2538007777313971	0.030213985983259	0.30566052244216446	0.2181986949930795	0.3419381769448777
96	0.2682514225454226	0.25393259661225476	0.030213985983259	0.306088933804952	0.21894017619790407	0.34243249774809414
97	0.26867434145484104	0.2540424456796362	0.030213985983259	0.3065777621547993	0.2197695366566338	0.34286090911088163
98	0.268981918843509	0.2543005909879825	0.030213985983259	0.30711053013159917	0.2205384801283037	0.3433277676472527
99	0.2694158226596656	0.2544543796823165	0.030213985983259	0.3076323132016609	0.22127996133312827	0.34382758090383814
100	0.26975635476854803	0.25458070610980515	0.030213985983259	0.30825296043236594	0.22201595008458377	0.3443219017070545
101	0.2704154491728365	0.2547949117911989	0.030213985983259	0.30869784915526066	0.22277940110288463	0.3447942526967946
102	0.27088230770920757	0.25495968539227104	0.030213985983259	0.30909879825120284	0.22360326910824527	0.34523914141968937
103	0.2713491662455786	0.25505305709954523	0.030213985983259	0.30956565678757386	0.22432827295296262	0.34568952259595315
104	0.27165125118087746	0.25521233824724826	0.030213985983259	0.30988421908298	0.2251850956785377	0.34603005470483555
105	0.27209613990377224	0.25536063448821317	0.030213985983259	0.31041149460641076	0.225750818375552	0.3465628226816354
106	0.2725355361732979	0.2554375288353802	0.030213985983259	0.3107520267152932	0.22645385240679305	0.3469033547905178
107	0.2730243645231452	0.2556187797965595	0.030213985983259	0.31125183997187866	0.227222795878463	0.347534986927961
108	0.2734967155128853	0.255887910011644	0.030213985983259	0.3117406683217259	0.22795329217654942	0.3480238152778083
109	0.27394160423578	0.25603071379923986	0.030213985983259	0.3122020344047279	0.22862886394094514	0.34845222664059583
110	0.274249181624448	0.25619548740031195	0.030213985983259	0.3126963552079443	0.2292220489048048	0.34906738141793175
111	0.27450732693279434	0.25627238174747896	0.030213985983259	0.3131687061976844	0.22972186216139026	0.3494408682470286
112	0.2749357382955819	0.2564481402552892	0.030213985983259	0.31361908737394817	0.23041391128589317	0.3499187116901378
113	0.27533668739152406	0.2565634817760397	0.030213985983259	0.31404200628336665	0.23105103587670542	0.35039106267987785
114	0.2758255157413714	0.25672825537711186	0.030213985983259	0.3142617044181295	0.23172660764110112	0.3508414438561417
115	0.2762099874772063	0.2568875365248149	0.030213985983259	0.3147560252213459	0.23238570204538964	0.35129731748577453
116	0.27649010259902895	0.2570083704989345	0.030213985983259	0.3151624667706571	0.2332040775973812	0.35176417602214555
117	0.27684711206801854	0.2571127271129468	0.030213985983259	0.3154480743458488	0.2339949908825274	0.35231891381242175
118	0.2773304479644968	0.25722257618032823	0.030213985983259	0.315849023441791	0.2347474569940901	0.3528736516026979
119	0.2776874574334864	0.2574312894083529	0.030213985983259	0.3162060329107806	0.23564272689324867	0.3533075554188545
120	0.2779730650086781	0.2575686007425797	0.030213985983259	0.3166838763538898	0.2363182986576444	0.35403255926357186
121	0.2783355669310368	0.25768943471669925	0.030213985983259	0.31705736318298655	0.2370158402355164	0.35455983478700265
122	0.2785717424259068	0.25783773095766416	0.030213985983259	0.3174143726519762	0.23775732144034098	0.35495529142957577
123	0.2788573500010985	0.25799701210536724	0.030213985983259	0.31778236702770396	0.2384878177384274	0.35539468769910143
124	0.27923083683019534	0.25816727815980844	0.030213985983259	0.3181833161236461	0.23903157062196542	0.3558670386888415
125	0.2796372783795066	0.25834852912098777	0.030213985983259	0.31853483313926667	0.23975657446668278	0.3563229123184744
126	0.27997781048838893	0.2584693630951073	0.030213985983259	0.3188533954346728	0.24051453303161457	0.3568556802952743
127	0.2803348199573786	0.2586670914163939	0.030213985983259	0.31924885207724585	0.24119559724937936	0.35737746336533605
128	0.28063690489267745	0.25884284992420414	0.030213985983259	0.31961135399960455	0.2418272293868225	0.3579102313421359
129	0.2811092558824176	0.25899114616516905	0.030213985983259	0.3199958257354395	0.24248083133774195	0.3583551200650307
130	0.2813838785508711	0.2590955027791814	0.030213985983259	0.32043522200496516	0.24314541819539953	0.3588329635081398
131	0.28171891820638445	0.2592437990201463	0.030213985983259	0.3207812465672166	0.24381549750642617	0.3594151635652613
132	0.2820045257815761	0.25951842168859984	0.030213985983259	0.32108333150251556	0.24451303908429817	0.35986554474152516
133	0.2822132390096008	0.2596941801964101	0.030213985983259	0.3215282202254103	0.24523255047564646	0.36040380517169407
134	0.28250983149153064	0.2597985368104225	0.030213985983259	0.32189621460113804	0.24586967506645868	0.36097502032207746
135	0.28281740888019863	0.2599303556912802	0.030213985983259	0.3222257618032823	0.24645736757694928	0.3614473713118176
136	0.28316892589581916	0.26007315947887605	0.030213985983259	0.3226541731660698	0.24717138651492848	0.3618922600347123
137	0.28339960893732014	0.26031482742711515	0.030213985983259	0.32315398642265525	0.24791836017312213	0.36239207329129774
138	0.28370718632598807	0.260457631214711	0.030213985983259	0.3235109958916449	0.24865434892457763	0.3627600676670255
139	0.2840312410747633	0.2606773293494738	0.030213985983259	0.32383505064042006	0.2492804886086517	0.3632543884702419
140	0.28430037128984775	0.2607542236966408	0.030213985983259	0.32414262802908805	0.2498297339455588	0.3637761715403036
141	0.28465738075883734	0.26099589164487996	0.030213985983259	0.3245655469385065	0.2504229189094185	0.3643144319704726
142	0.2848935562537074	0.26112771052573763	0.030213985983259	0.32496649603444866	0.2509941340598018	0.3648526924006415
143	0.28520113364237537	0.2612814992200716	0.030213985983259	0.3252466111562713	0.25155985675681614	0.3653305358437507
144	0.28552518839115054	0.2614847199947272	0.030213985983259	0.3256585451589516	0.25206516246677063	0.36580288683349077
145	0.2857339016191753	0.26173188039633544	0.030213985983259	0.32593866028077423	0.25288353801876223	0.36641804161082675
146	0.28611288090164116	0.26185820682382405	0.030213985983259	0.32638354900366895	0.25342729090230026	0.3670057341213173
147	0.2865357998110596	0.26199551815805083	0.030213985983259	0.32676252828613483	0.2540369532262671	0.36749456247116463
148	0.2868378847463585	0.26206142759847967	0.030213985983259	0.3270536283146956	0.25466309291034117	0.3680273304479645
149	0.28715095458839557	0.26218775402596833	0.030213985983259	0.3272623415427203	0.2553002175011534	0.3686534701320386
150	0.2875189489641233	0.26229211063998065	0.030213985983259	0.32764681327855527	0.2559043873717512	0.3691313135751477
151	0.2877551244589933	0.2624239295208384	0.030213985983259	0.3279873453874377	0.2565415119625634	0.36965858909857857
152	0.28807917920776854	0.26265461256233935	0.030213985983259	0.32827295296262937	0.2571566667398994	0.3701144627282114
153	0.28844717358349625	0.2628358635235187	0.030213985983259	0.3285695454445592	0.25773337434365184	0.37055385899773713
154	0.28879869059911684	0.2629676824043764	0.030213985983259	0.3289814794472395	0.25834852912098777	0.3711415515082277
155	0.28906232836083223	0.2631873805391392	0.030213985983259	0.32931651910275284	0.25898016125843093	0.371707274205242
156	0.28935892084276205	0.2632917371531516	0.030213985983259	0.3295966342245754	0.25962827075598127	0.3723608761561614
157	0.2896719906847991	0.26342904848737836	0.030213985983259	0.32993167388008876	0.2601006217457214	0.3728881516795922
158	0.28997407562009797	0.26361579190192674	0.030213985983259	0.3301513720148516	0.2606498670826285	0.3734813366434519
159	0.2903365775424567	0.26378605795636795	0.030213985983259	0.33044796449678143	0.2610398312718325	0.37413493859437136
160	0.2905617681305886	0.2639618164641782	0.030213985983259	0.33077751169892566	0.26168794076938284	0.3745303952369444
161	0.2908968077861019	0.2640661730781906	0.030213985983259	0.3310576268207483	0.26229211063998065	0.37507414812048245
162	0.2911988927214008	0.2641924995056792	0.030213985983259	0.3312992947689874	0.2628743106971022	0.3756179010040205
163	0.2914295757629018	0.264329810839906	0.030213985983259	0.33153547026385743	0.2633906013137948	0.3760298350067008
164	0.29173166069820067	0.26446712217413276	0.030213985983259	0.3318485401058945	0.2640002636377617	0.3766504822374058
165	0.29209965507392843	0.2646044335083595	0.030213985983259	0.33219456466814595	0.2646483731353121	0.3770788936001933
166	0.2923523079289057	0.2647142825757409	0.030213985983259	0.3325186194169211	0.26521409583232636	0.3776610936573149
167	0.292687347584419	0.2648406090032296	0.030213985983259	0.33276577981852934	0.26586220532987676	0.3781169672869477
168	0.2929345079860272	0.26495045807061096	0.030213985983259	0.3330349100336138	0.26636751103983125	0.3786552277171167
169	0.2932146231078498	0.265263527912648	0.030213985983259	0.33336994968912714	0.26700463563064347	0.37924292022760725
170	0.29359360239031573	0.2654228090603511	0.030213985983259	0.3337049893446405	0.2676088055012413	0.3797482259375618
171	0.29384625524529295	0.26556561284794694	0.030213985983259	0.3340400290001538	0.268130588571303	0.38037985807500496
172	0.29409890810027023	0.26568095436869743	0.030213985983259	0.3343585912955599	0.26867434145484104	0.38081376189116156
173	0.29435705340861656	0.2658896675967221	0.030213985983259	0.3348474196454072	0.2693279434057605	0.3813849770415449
174	0.29449436474284335	0.26611485818485403	0.030213985983259	0.3352099215677659	0.26999802271678713	0.3819946393655118
175	0.29486235911857106	0.2662906166926643	0.030213985983259	0.3355449612232792	0.270530790693587	0.3826043016894787
176	0.2951864138673463	0.2663620185864622	0.030213985983259	0.33583606125183996	0.27112946811081573	0.38319199419996924
177	0.2954445591756926	0.26657073181448687	0.030213985983259	0.3361711009073533	0.2715908341938177	0.3837687018037217
178	0.295708196937408	0.2667135356020827	0.030213985983259	0.33636882922863987	0.2722114814245227	0.38424654524683083
179	0.29592240261880176	0.2669497110969528	0.030213985983259	0.336615989630248	0.27282663620185865	0.3847298811433091
180	0.29622998000746975	0.26720236395193003	0.030213985983259	0.3369125821121779	0.2733703890853967	0.38526814157347805
181	0.2964661555023398	0.26739459981984753	0.030213985983259	0.33714875760704793	0.273859217435244	0.3857789397368016
182	0.2967407781707933	0.2675264187007052	0.030213985983259	0.3373794406485489	0.27437001559856755	0.3863336775270778
183	0.2969769536656634	0.2676966847551464	0.030213985983259	0.33764857086363337	0.2750400949095942	0.38687743041061584
184	0.2970813102796757	0.26778456400905154	0.030213985983259	0.3379891029725158	0.2756827119537755	0.38747061537447547
185	0.29731748577454575	0.2679603225168618	0.030213985983259	0.33829118790781465	0.2761770327569919	0.38816815695234747
186	0.2976140782564756	0.26812509611793395	0.030213985983259	0.3386646747369115	0.2767043082804227	0.3887668343695762
187	0.2978337763912384	0.2682898697190061	0.030213985983259	0.3389612672188413	0.27715468945668653	0.38941494386712655
188	0.2979381330052508	0.2684271810532329	0.030213985983259	0.33935123140804535	0.27788518575477295	0.38998615901750994
189	0.29820726322033525	0.26861392446778126	0.030213985983259	0.3396203616231298	0.27852231034558517	0.3905793439813696
190	0.29836654436803833	0.26889953204297296	0.030213985983259	0.3398839993848452	0.27899466133532524	0.39107915723795506
191	0.29861919722301555	0.2691576773513193	0.030213985983259	0.3400872201595008	0.27950545949864886	0.39160643276138585
192	0.2987839708240877	0.2692949886855461	0.030213985983259	0.34034536546784716	0.28001625766197247	0.39218863281850735
193	0.29895972933189796	0.2695366566337852	0.030213985983259	0.34064195794977703	0.2805764879056177	0.3927323857020454
194	0.29919041237339894	0.269679460421381	0.030213985983259	0.3408122240042182	0.2811751653228464	0.3932541687721071
195	0.2994320803216381	0.2698881736494057	0.030213985983259	0.34115824856646965	0.28179032010018235	0.3937704593887998
196	0.2996902256299844	0.2700474547971088	0.030213985983259	0.3414548410483995	0.282537293758376	0.39430322736559964
197	0.29990992376474723	0.2701518114111211	0.030213985983259	0.3417898807039128	0.2830425994683305	0.39472065382164906
198	0.30015708416635545	0.2703824944526221	0.030213985983259	0.34215787507964057	0.2835918448052376	0.3953303161456159
199	0.30034382758090383	0.2704758661598963	0.030213985983259	0.34233363358745084	0.2841575675022519	0.39587406902915395
200	0.3007008370498934	0.2705912076806468	0.030213985983259	0.34259177889579717	0.28473427510600435	0.3963683898323703
201	0.30089856537118	0.27075048882834984	0.030213985983259	0.34278950721708373	0.2853109827097568	0.39681327855526505
202	0.3010688314256212	0.2709262473361601	0.030213985983259	0.34311905441922796	0.2860085242876288	0.3972636597315289
203	0.30132148428059846	0.27109102093723225	0.030213985983259	0.34352000351517015	0.2866346639717029	0.3977195333611618
204	0.30155216732209944	0.27122833227145904	0.030213985983259	0.34391546015774327	0.2871179998681811	0.39825230133796163
205	0.3017389107366478	0.271382120965793	0.030213985983259	0.34415712810598237	0.28769470747193354	0.3988125315816069
206	0.301980578684887	0.2715908341938177	0.030213985983259	0.3444152734143287	0.28826592262231693	0.39929037502471604
207	0.3023211107937694	0.27181053232858055	0.030213985983259	0.34468440362941316	0.2888426302260694	0.3998780675352066
208	0.3025078542083178	0.271920381395962	0.030213985983259	0.34503042819166463	0.28936990574950017	0.4003943581518993
209	0.3026177032756992	0.2720412153700815	0.030213985983259	0.34529955840674914	0.28997956807346703	0.4009051563152229
210	0.3028209240503548	0.27224443614473715	0.030213985983259	0.34558516598194083	0.2906990794648153	0.4014653865588681
211	0.3031669486126063	0.27240920974580923	0.030213985983259	0.34590372827734694	0.2913526814157348	0.4020311092558824
212	0.303375661840631	0.2725684908935123	0.030213985983259	0.34623876793286024	0.29203923808686866	0.4025638772326823
213	0.30365028450908454	0.27278269657490606	0.030213985983259	0.34650240569457563	0.29263791550409735	0.40310213766285125
214	0.3039413845376453	0.2729804248961926	0.030213985983259	0.3467550585495529	0.2932805325482787	0.4035525188391151
215	0.3041446053123009	0.2731287211371575	0.030213985983259	0.34699123404442295	0.293851747698662	0.4040303622822242
216	0.3043697959004328	0.2733264494584441	0.030213985983259	0.3473152887931981	0.2944559175692598	0.40453017553880966
217	0.30462244875541006	0.2734417909791946	0.030213985983259	0.3476228661818661	0.2950820572533339	0.4050574510622405
218	0.30483116198343474	0.2735406551398379	0.030213985983259	0.34784256431662897	0.2955983478700266	0.4056231737592548
219	0.305006920491245	0.27363951930048114	0.030213985983259	0.348078739811499	0.29616407056704086	0.4062438209899598
220	0.3051881714524244	0.2737988004481842	0.030213985983259	0.34835885493332164	0.2966583913702573	0.40675461915328337
221	0.30551222620119955	0.27392512687567283	0.030213985983259	0.3485510908012391	0.29724608388074786	0.40729287958345234
222	0.3057264318825933	0.2741448250104357	0.030213985983259	0.3488366983764308	0.2977678669508096	0.40778170793329965
223	0.30590219039040356	0.2742931212514006	0.030213985983259	0.34903442669771734	0.29835555946130016	0.4083254608168377
224	0.3060669639914757	0.2744084627721511	0.030213985983259	0.34936397389986157	0.2989542368785289	0.4088856910604829
225	0.30626469231276227	0.2744963420260562	0.030213985983259	0.34959465694136255	0.29949798976206693	0.40936902695696115
226	0.3065338225278467	0.2746611156271283	0.030213985983259	0.3498253399828635	0.30015159171298633	0.40994024210734453
227	0.30668761122218074	0.27474899488103344	0.030213985983259	0.3501548871850078	0.30064591251620276	0.41044554781729903
228	0.30687435463672913	0.2749302458422128	0.030213985983259	0.3504569721203067	0.30117318803963355	0.41089592899356286
229	0.3071379923984445	0.2750785420831777	0.030213985983259	0.35082496649603445	0.3016510314827427	0.41129687808950505
230	0.3072807961860404	0.27527077795109517	0.030213985983259	0.3511490212448096	0.3021728145528044	0.4118186611595668
231	0.3074510622404816	0.27545202891227455	0.030213985983259	0.3514016740997869	0.3027000900762353	0.4122965046026759
232	0.30780807170947116	0.275561877979656	0.030213985983259	0.35163784959465694	0.30339763165410727	0.4127743480457851
233	0.3080332622976031	0.2756827119537755	0.030213985983259	0.3518959949030033	0.30398532416459784	0.41319726695520353
234	0.3082145132587824	0.27585297800821673	0.030213985983259	0.3520992156776589	0.30458949403519564	0.413773974558956
235	0.3083737944064855	0.27602324406265794	0.030213985983259	0.3523463760792671	0.30519366390579344	0.4140925368543621
236	0.3086539095283081	0.27626491201089703	0.030213985983259	0.3526100138409825	0.3057319243359624	0.41453742557725687
237	0.3087857284091658	0.27648461014565984	0.030213985983259	0.35280224970889995	0.3063141243930839	0.41504273128721136
238	0.3088736076630709	0.27661642902651756	0.030213985983259	0.3530768723773535	0.3069787112507415	0.41552057473032056
239	0.3090713359843575	0.27676472526748247	0.030213985983259	0.3533295252323308	0.30762682074829184	0.41599292572006064
240	0.3092031548652152	0.2769294988685546	0.030213985983259	0.3536096403541534	0.30823099061888964	0.4165421710569677
241	0.3093734209196564	0.27715468945668653	0.030213985983259	0.35376892150185646	0.30870883406199884	0.4170694465803985
242	0.30955467188083574	0.27729200079091326	0.030213985983259	0.35397763472988114	0.3091702001450008	0.41765164663752
243	0.30972493793527694	0.27741832721840193	0.030213985983259	0.3541533932376914	0.3095491794274667	0.4180525957334622
244	0.30987323417624185	0.2775721159127359	0.030213985983259	0.3543621064657161	0.31002153041720676	0.4185688863501549
245	0.31005997759079024	0.27779181404749875	0.030213985983259	0.35455983478700265	0.3105982380209592	0.4191895335808599
246	0.3103016455390294	0.2779291253817255	0.030213985983259	0.3548344574554562	0.3110925588241756	0.41966737702396906
247	0.31049937386031595	0.27802249708899973	0.030213985983259	0.3551145725772788	0.3117736230419404	0.4201397280137092
248	0.3106806248214953	0.2781433310631193	0.030213985983259	0.35535624052551795	0.31216907968451346	0.4205626469231276
249	0.3108618757826746	0.27837401410462026	0.030213985983259	0.35552650657995916	0.3126908627545752	0.421133862073511
250	0.31108157391743746	0.2784618933585254	0.030213985983259	0.355751697168091	0.3132236307313751	0.4216226904233583
251	0.31124634751850955	0.2785992046927522	0.030213985983259	0.35595491794274664	0.3138772326822945	0.42205110178614585
252	0.31140013621284357	0.2788134103741459	0.030213985983259	0.3562295406112002	0.31437155348551094	0.4225509150427313
253	0.31155392490717754	0.278972691521849	0.030213985983259	0.3564821934661775	0.3148988290089417	0.4230177735791023
254	0.3117186985082497	0.27916492738976645	0.030213985983259	0.3566854142408331	0.3155084913329086	0.4234956170222115
255	0.31192741173627436	0.2793297009908386	0.030213985983259	0.35692158973570315	0.31600281213612497	0.4239185359316299
256	0.3121086626974537	0.2795219368587561	0.030213985983259	0.3570863633367753	0.3165136102994486	0.42445130390842983
257	0.3122185117648351	0.27963178592613747	0.030213985983259	0.35730056901816903	0.3170353933695103	0.4248687303644792
258	0.3123942702726454	0.2797855746204715	0.030213985983259	0.3575367445130391	0.3175242217193576	0.4253795285278028
259	0.3126908627545752	0.2798734538743766	0.030213985983259	0.35774545774106375	0.3180789595096338	0.42587934178438824
260	0.3128501439022783	0.2799668255816508	0.030213985983259	0.358069512489839	0.3186117274864336	0.42625282861348507
261	0.31304787222356484	0.280290880330426	0.030213985983259	0.35833864270492344	0.3190566162093284	0.4268295362172375
262	0.3131687061976844	0.28052156337192696	0.030213985983259	0.35863523518685325	0.3194685502120087	0.4272909023002395
263	0.31328954017180394	0.2807028143331063	0.030213985983259	0.35884944086824705	0.31983654458773647	0.42780719291693214
264	0.3134433288661379	0.2808401256673331	0.030213985983259	0.35904716918953355	0.32034185029769097	0.42833446844036294
265	0.3136355647340554	0.2809719445481908	0.030213985983259	0.35933277676472525	0.320885603181229	0.4287738647098886
266	0.313761891161544	0.28112573324252477	0.030213985983259	0.35954698244611905	0.3212865522771712	0.42929564777995033
267	0.3139596194828306	0.2812355823099062	0.030213985983259	0.35982160511457256	0.3218083353472329	0.4297075817826307
268	0.3141243930839027	0.28136740119076387	0.030213985983259	0.3599753938089066	0.32229167124371116	0.43015796295889447
269	0.3142726893248676	0.2815431596985742	0.030213985983259	0.3601950919436694	0.3227585297800822	0.4306687611222181
270	0.3144264780192016	0.28167497857943186	0.030213985983259	0.360398312718325	0.3231649713293934	0.4310971724850056
271	0.31455280444669026	0.2818507370872421	0.030213985983259	0.36068941274688576	0.32355493551859743	0.43157501592811476
272	0.31471757804776235	0.28192213898104007	0.030213985983259	0.36095305050860116	0.3239448997078015	0.43214623107849814
273	0.31489333655557267	0.2820649427686359	0.030213985983259	0.3612771052573764	0.32446119032449416	0.4325746424412857
274	0.31506909506338293	0.2821802842893864	0.030213985983259	0.36140892413823406	0.3250214205681394	0.43292066700353715
275	0.31520640639760966	0.2823121031702441	0.030213985983259	0.3616450996331041	0.3255761583584155	0.4333271085528484
276	0.3152778082914076	0.28241645978425645	0.030213985983259	0.3618483204077597	0.32602653953467936	0.4336676406617308
277	0.3154865215194323	0.28248786167805434	0.030213985983259	0.3620625260891535	0.3265702924182174	0.43401366522398227
278	0.31556890831996837	0.28260320319880483	0.030213985983259	0.3623261638508689	0.32702067359448117	0.43444207658676975
279	0.3157117121075642	0.2827075598128172	0.030213985983259	0.36257332425247707	0.32756991893138826	0.43486499549618823
280	0.31582156117494564	0.2828943032273656	0.030213985983259	0.3627435903069183	0.3280312850143902	0.43554056726058393
281	0.31596985741591055	0.28298767493463983	0.030213985983259	0.3629358261748358	0.3284926510973922	0.4358865918228354
282	0.3161675857371971	0.28309203154865215	0.030213985983259	0.3631774941230749	0.3288881077399653	0.43634795790583736
283	0.31626644989784036	0.28333919195026036	0.030213985983259	0.36335874508425425	0.3293769360898126	0.4367598919085177
284	0.3164641782191269	0.2834819957378562	0.030213985983259	0.3635015488718501	0.329794362545862	0.4372542127117341
285	0.31662345936682995	0.2835918448052376	0.030213985983259	0.36372673945998196	0.33021728145528045	0.43766065426104533
286	0.3167497857943186	0.28369620141924995	0.030213985983259	0.3639738998615902	0.3306237230045917	0.4380176637300349
287	0.3169255443021289	0.2838060504866314	0.030213985983259	0.3641221961025551	0.3310136871937957	0.4384570599995606
288	0.3171452424368917	0.28393786936748905	0.030213985983259	0.3642155678098293	0.33142562119647606	0.43891842608256254
289	0.31724959905090405	0.284086165608454	0.030213985983259	0.36439132631763954	0.33185952501263266	0.43929191291165937
290	0.3174363424654525	0.2842015071292045	0.030213985983259	0.36451216029175915	0.332276951468682	0.43967638464749437
291	0.3176230858800009	0.28433332601006217	0.030213985983259	0.36473185842652195	0.33263945339104073	0.4401542280906035
292	0.31778236702770396	0.2845145769712415	0.030213985983259	0.3648966320275941	0.3331008194740427	0.4405332073730694
293	0.3179581255355142	0.2846628732122064	0.030213985983259	0.3650778829887734	0.33346332139640134	0.44097260364259505
294	0.3180569896961575	0.28473427510600435	0.030213985983259	0.36524265658984556	0.33387525539908164	0.4413405980183228
295	0.31827668783092034	0.28480567699980225	0.030213985983259	0.3654239075510249	0.33454533471010833	0.44184041127490825
296	0.3184414614319924	0.2848770788936002	0.030213985983259	0.36564360568578774	0.33495726871278864	0.44224685282421955
297	0.31858975767295733	0.2850583298547795	0.030213985983259	0.36586879627391966	0.3354076498890524	0.4425764000263638
298	0.31872157655381506	0.2851517015620537	0.030213985983259	0.36609947931542064	0.3359623876793286	0.4429608717621987
299	0.3189028275149944	0.285250565722697	0.030213985983259	0.3663136849968144	0.3363084122415801	0.44336731331150997
300	0.3189797218621614	0.2853713996968166	0.030213985983259	0.36645648878441023	0.3367368236043676	0.4437188303271305
301	0.3191280181031263	0.2855416657512578	0.030213985983259	0.3666322472922205	0.337154250060417	0.4440813322494892
302	0.3192378671705077	0.28567348463211545	0.030213985983259	0.36686293033372147	0.33741239536876333	0.44448777379880045
303	0.31936419359799634	0.2857833336994969	0.030213985983259	0.3670881209218534	0.33785728409165805	0.4449381549750643
304	0.31947404266537777	0.285871212953402	0.030213985983259	0.36728584924313995	0.3384175143353033	0.4453226267108992
305	0.31970472570687875	0.28603598655447415	0.030213985983259	0.3674780851110574	0.3388294483379836	0.44569611353999605
306	0.3198090823208911	0.28622822242239165	0.030213985983259	0.36762088889865324	0.3392194125271876	0.44608607772920006
307	0.31990794648153437	0.2864204582903091	0.030213985983259	0.3677856624997254	0.3396807786101896	0.44661884570599997
308	0.3200177955489158	0.28656326207790495	0.030213985983259	0.3679998681811191	0.3402135465869895	0.4470472570687875
309	0.3201660917898807	0.2866676186919173	0.030213985983259	0.368219566315882	0.34072434475031305	0.4475305929652657
310	0.3203528352044291	0.28683239229298946	0.030213985983259	0.368378847463585	0.3409824900586594	0.4478766175275172
311	0.3205231012588703	0.28697519608058525	0.030213985983259	0.36851066634444274	0.34133400707427997	0.4481896873695542
312	0.32073181448689503	0.28712898477491927	0.030213985983259	0.36869191730562206	0.34172946371685303	0.4484752949447459
313	0.3208306786475383	0.28720038666871717	0.030213985983259	0.3688951380802777	0.3420974580925808	0.44886525913395
314	0.320885603181229	0.28732671309620583	0.030213985983259	0.36903794186787353	0.34252586945536834	0.44930465540347564
315	0.3210119296087176	0.28737614517652743	0.030213985983259	0.3693015796295889	0.34295977327152494	0.4497001120460487
316	0.32113825603620627	0.2874036074433728	0.030213985983259	0.3695212777643518	0.34342663180789595	0.4500461366083002
317	0.32131401454401654	0.2876123206713975	0.030213985983259	0.36967506645868575	0.343739701649933	0.4503866687171826
318	0.3214458334248742	0.28770019992530266	0.030213985983259	0.36988377968671043	0.34411318847902983	0.4507931102664938
319	0.321660039106268	0.28783201880616033	0.030213985983259	0.37009249291473517	0.34453610738844825	0.4511061801085309
320	0.3217753806270185	0.2879253905134345	0.030213985983259	0.37030120614275985	0.3448601621372235	0.45141375749719886
321	0.32195113913482876	0.2880517169409232	0.030213985983259	0.370389085396665	0.34520618669947495	0.4518421688599864
322	0.3220390183887339	0.28824944526220975	0.030213985983259	0.3706142759847969	0.34565107542236967	0.45218270096886876
323	0.3221543599094844	0.28833183206274576	0.030213985983259	0.37080651185271435	0.34610145659863345	0.45260561987828724
324	0.3222092844431751	0.28845815849023443	0.030213985983259	0.37098776281389373	0.3464474811608849	0.4529516444405387
325	0.3223136410571874	0.28854603774413956	0.030213985983259	0.3712788628424545	0.34676055100292197	0.4532592218292067
326	0.32252235428521214	0.288578992464354	0.030213985983259	0.3713832194564668	0.3472109321791858	0.45355032185776745
327	0.32262671089922446	0.28871630379858076	0.030213985983259	0.371553485510908	0.34757343410154445	0.4537974822593756
328	0.32274205241997495	0.28883164531933125	0.030213985983259	0.3717457213788255	0.34792495111716504	0.45415449172836525
329	0.32279697695366566	0.28893600193334357	0.030213985983259	0.3718720478063141	0.34823802095920203	0.4545609332776765
330	0.32287936375420173	0.28905683590746317	0.030213985983259	0.37199288178043366	0.34867192477535863	0.454912450293297
331	0.32300569018169034	0.2891392227079992	0.030213985983259	0.3722125799151965	0.3489575323505503	0.4551980578684887
332	0.3230990618889646	0.28921062460179714	0.030213985983259	0.3723498912494233	0.3493420040863853	0.4554616956302041
333	0.3232638354900367	0.28928751894896415	0.030213985983259	0.37244875541006656	0.34969352110200586	0.45573082584528857
334	0.32336269965068	0.28943581518992906	0.030213985983259	0.3725805742909243	0.35005053057099544	0.4560658655008019
335	0.3235274732517521	0.28949073972361977	0.030213985983259	0.3726904233583057	0.35041303249335415	0.456307533449041
336	0.3236702770393479	0.289589603884263	0.030213985983259	0.3729156139464376	0.3507975042291891	0.45659863347760177
337	0.3237966034668366	0.2897104378583826	0.030213985983259	0.3730584177340334	0.3511929608717622	0.4569336731331151
338	0.3239613770679087	0.2898093020190259	0.030213985983259	0.37322319133510556	0.35152250807390645	0.457235758068414
339	0.3240108091482303	0.28991915108640726	0.030213985983259	0.37339894984291583	0.3519619043434321	0.4574993958301294
340	0.3240822110420283	0.2900125227936815	0.030213985983259	0.3736186479776787	0.35226398927873104	0.45782894303227367
341	0.32412065821561176	0.2900839246874794	0.030213985983259	0.3738383461124415	0.35263198365445875	0.45808708834062
342	0.3242305072829932	0.29020475866159895	0.030213985983259	0.3739152404596085	0.35291759122965044	0.4583287562888591
343	0.3243678186172199	0.2903091152756113	0.030213985983259	0.3740415668870971	0.3533075554188545	0.45859788650394356
344	0.32442274315091063	0.29042994924973087	0.030213985983259	0.3741404310477404	0.3537085045147967	0.4588999714392425
345	0.3244666827778632	0.29049036623679064	0.030213985983259	0.37433266691565786	0.35410945361073887	0.45916910165432695
346	0.3245600544851374	0.2906441549311246	0.030213985983259	0.37443153107630117	0.3544829404398357	0.45939429224245887
347	0.3246753960058879	0.29078695871872046	0.030213985983259	0.3746017971307424	0.35473010084144385	0.45971834699123404
348	0.3247687677131621	0.29086385306588747	0.030213985983259	0.3747610782784454	0.3550431706834809	0.4601192960871762
349	0.32491157150075795	0.29097919458663796	0.030213985983259	0.3749533141463629	0.3554880594063756	0.4603170244084628
350	0.32502691302150843	0.2911219983742338	0.030213985983259	0.3750796405738515	0.3559439330360085	0.4606520640639761
351	0.32510380736867545	0.2912043851747699	0.030213985983259	0.3752169519080783	0.3563009425049981	0.46088823955884617
352	0.32512577718215174	0.291292264428675	0.030213985983259	0.3753432783355669	0.3566414746138805	0.4612562339345739
353	0.32525210360964035	0.2913636663224729	0.030213985983259	0.37550805193663905	0.35691060482896503	0.46156930377661093
354	0.3253949073972362	0.2915119625634378	0.030213985983259	0.37560691609728236	0.35724015203110926	0.4617835094580047
355	0.32553771118483205	0.2916382889909265	0.030213985983259	0.3757881670584617	0.3574982973394556	0.46200320759276753
356	0.3256365753454753	0.29175363051167696	0.030213985983259	0.3759529406595338	0.35777841246127823	0.4623712019684953
357	0.3256969923325351	0.29188544939253463	0.030213985983259	0.3760627897269152	0.3581134521167915	0.46261836237010345
358	0.325768394226333	0.29200628336665424	0.030213985983259	0.3761616538875585	0.3583770898785069	0.46293692466550956
359	0.3258507810268691	0.2921820418744645	0.030213985983259	0.3762715029549399	0.3585967880132698	0.46315113034690336
360	0.3258837357470835	0.2922644286750006	0.030213985983259	0.37641979919590485	0.35886042577498517	0.4635026473625239
361	0.3259771074543577	0.2923907551024892	0.030213985983259	0.37656809543686975	0.3591789880703913	0.46381571720456094
362	0.3261308961486917	0.2924346947294417	0.030213985983259	0.3766999143177274	0.35948107300569015	0.46411230968649075
363	0.3262242678559659	0.29253355889008503	0.030213985983259	0.3768152558384779	0.3597996353010963	0.46443087198189686
364	0.3262627150295494	0.29264340795746646	0.030213985983259	0.37700199925302635	0.3601127051431333	0.4647659116374102
365	0.32636707164356177	0.292764241931586	0.030213985983259	0.37710635586703867	0.360398312718325	0.46498011731880395
366	0.3264549508974669	0.29279719665180043	0.030213985983259	0.3771832502142057	0.3607278599204693	0.465216292813674
367	0.3265373376980029	0.2928795834523365	0.030213985983259	0.37735900872201594	0.3610793769360898	0.46546894566865127
368	0.32659775468506275	0.2930168947865633	0.030213985983259	0.37749632005624273	0.361403431684865	0.46583144759101
369	0.3267185886591823	0.2930882966803612	0.030213985983259	0.37757321440340974	0.36178790342069994	0.46611156271283255
370	0.3267899905529802	0.2931432212140519	0.030213985983259	0.37769954083089835	0.362100973262737	0.46639717028802424
371	0.3268284377265637	0.29334094953533846	0.030213985983259	0.3778423446184942	0.3623865808379287	0.4666553155963706
372	0.32695476415405234	0.2933684118021838	0.030213985983259	0.37798514840609004	0.362644726146275	0.4668805061845025
373	0.3270701056748028	0.29352769294988684	0.030213985983259	0.378062042753257	0.36295779598831207	0.4671056967726344
374	0.32712503020849354	0.293615572203792	0.030213985983259	0.3781828767273766	0.36315552430959863	0.4672924401871828
375	0.32717995474218425	0.29366500428411363	0.030213985983259	0.37825977107454356	0.36339719225783773	0.46755058549552914
376	0.3272898038095657	0.29371992881780434	0.030213985983259	0.3784245446756157	0.36375969418019644	0.467770283630292
377	0.327317266076411	0.293769360898126	0.030213985983259	0.37851242392952084	0.3640507942087572	0.46813278555265064
378	0.3274161302370543	0.2938187929784476	0.030213985983259	0.3786112880901641	0.36435287914405606	0.4684129006744733
379	0.32749851703759036	0.2938627326054002	0.030213985983259	0.37875409187775994	0.36466045653272405	0.4687094931564031
380	0.32755893402465014	0.29392314959245996	0.030213985983259	0.37885295603840324	0.3649735263747611	0.46894017619790407
381	0.32758090383812644	0.2939561043126744	0.030213985983259	0.3789628051057847	0.3652261792297383	0.46917085923940505
382	0.32765230573192433	0.29406046092668675	0.030213985983259	0.3791001164400114	0.36541292264428676	0.4693685875606916
383	0.3277346925324604	0.29415383263396094	0.030213985983259	0.37917151833380935	0.36571500757958564	0.46964870268251424
384	0.32776215479930576	0.29422523452775884	0.030213985983259	0.37924841268097637	0.36601709251488457	0.46989037063075334
385	0.32787749632005625	0.29426917415471143	0.030213985983259	0.3793472768416196	0.36628073027659996	0.470099083858778
386	0.3279653755739614	0.2943735307687238	0.030213985983259	0.3794296636421557	0.3665059208647319	0.47028582727332646
387	0.32801480765428304	0.2944339477557836	0.030213985983259	0.3794955730825845	0.366824483160138	0.4705769273018872
388	0.3281576114418789	0.29453281191642683	0.030213985983259	0.37956148252301336	0.3671595228156513	0.47083507261023355
389	0.3282235208823077	0.2946756157040227	0.030213985983259	0.37967682404376385	0.3674066832172595	0.47106575565173453
390	0.3283608322165345	0.2947085704242371	0.030213985983259	0.379764703297669	0.36760441153854606	0.4712634839730211
391	0.32838280203001075	0.29477997231803504	0.030213985983259	0.3799569391655865	0.367911988927214	0.4714447349342004
392	0.3284651888305468	0.2948678515719402	0.030213985983259	0.3800118636992772	0.36824702858272734	0.4716644330689632
393	0.32852011336423753	0.295010655359536	0.030213985983259	0.38016565239361116	0.36842827954390667	0.47188962365709514
394	0.32855306808445195	0.2950710723465958	0.030213985983259	0.38024803919414724	0.3686974097589911	0.472109321791858
395	0.3285915152580355	0.2951040270668102	0.030213985983259	0.38031394863457607	0.36892260034712304	0.4723015576597755
396	0.3286574246984643	0.2952578157611442	0.030213985983259	0.3804677373289101	0.3691807456554694	0.4725047784344311
397	0.32873431904563133	0.2953456950150493	0.030213985983259	0.3806050486631368	0.36935650416327964	0.4727354614759321
398	0.3288057209394292	0.2954280818155854	0.030213985983259	0.3807203901838873	0.3695981721115188	0.47297163697080213
399	0.3288990926467034	0.2955379308829668	0.030213985983259	0.3807643298108399	0.36985631741986513	0.47322428982577935
400	0.3289265549135488	0.29558736296328847	0.030213985983259	0.3808686864248523	0.37010897027484235	0.4734989124942329
401	0.32897049454050137	0.2956642573104554	0.030213985983259	0.3809181185051739	0.37030120614275985	0.4736746710020432
402	0.3289814794472395	0.29580706109805127	0.030213985983259	0.3810499373860316	0.37049344201067735	0.4738669068699607
403	0.32908034360788274	0.29588944789858734	0.030213985983259	0.38111584682646044	0.3707460948656546	0.4740701276446163
404	0.32919568512863323	0.29604872904629037	0.030213985983259	0.38120372608036557	0.370932838280203	0.4742458861524266
405	0.3292615945690621	0.29608168376650484	0.030213985983259	0.38129709778763976	0.37119098358854935	0.4744051673001296
406	0.32937144363644355	0.2961421007535646	0.030213985983259	0.38136300722806865	0.37158094777775336	0.47460289562141617
407	0.3294373530768724	0.2961805479271481	0.030213985983259	0.3814289166684975	0.37182810817936157	0.47481710130280996
408	0.3294483379836105	0.2962244875541007	0.030213985983259	0.38153327328250985	0.37209174594107697	0.4750642617044181
409	0.3294922776105631	0.29630138190126765	0.030213985983259	0.3816705846167366	0.37230045916910165	0.4752564975723356
410	0.32966803611837336	0.2963508139815893	0.030213985983259	0.3817474789639036	0.37254212711734075	0.47545971834699124
411	0.3297559153722785	0.29640573851528	0.030213985983259	0.3818408506711778	0.37276731770547267	0.47562998440143245
412	0.32987674934639805	0.29651558758266144	0.030213985983259	0.3819287299250829	0.3729705384801283	0.47580025045587365
413	0.329948151240196	0.29654854230287586	0.030213985983259	0.38201660917898805	0.37320122152162927	0.4759595316035767
414	0.3299756135070413	0.2966583913702573	0.030213985983259	0.3821594129665839	0.3734483819232375	0.4762561240855065
415	0.3300854625744227	0.29668036118373353	0.030213985983259	0.38224179976711997	0.3736900498714766	0.47636048069951886
416	0.33016235692158974	0.2967462706241624	0.030213985983259	0.38234615638113234	0.37386580837928685	0.47654722411406725
417	0.3302117890019114	0.29681218006459126	0.030213985983259	0.3824340356350375	0.37415141595447854	0.47668453544829403
418	0.330261221082233	0.29691653667860357	0.030213985983259	0.3824999450754663	0.37432168200891974	0.4769701430234857
419	0.3303051607091856	0.29698244611903246	0.030213985983259	0.3825768394226333	0.37456334995715884	0.4771074543577125
420	0.3304095173231979	0.2971252499066283	0.030213985983259	0.3826592262231694	0.3747830480919217	0.47727222795878466
421	0.33049190412373397	0.2971746819869499	0.030213985983259	0.38269767339675287	0.37506316321374433	0.4774424940132258
422	0.3305468286574247	0.2972405914273788	0.030213985983259	0.3827306281169673	0.3752499066282927	0.4776566996946196
423	0.3306017531911154	0.29733945558802205	0.030213985983259	0.38282949227761054	0.3754421424962102	0.47782147329569175
424	0.3306237230045917	0.29738339521497464	0.030213985983259	0.3829228639848848	0.3755959311905442	0.47796427708328754
425	0.33068413999165147	0.2974822593756179	0.030213985983259	0.38307665267921875	0.37576070479161633	0.478151020497836
426	0.3307335720719731	0.2975261990025705	0.030213985983259	0.38315354702638577	0.3759584331129029	0.4782718544719555
427	0.33082145132587826	0.2976635103367972	0.030213985983259	0.3832963508139816	0.3761067293538678	0.47842015071292043
428	0.33088186831293803	0.2977843443109168	0.030213985983259	0.38337324516114857	0.37632093503526154	0.47867829602126677
429	0.33095327020673593	0.29782828393786936	0.030213985983259	0.3834446470549465	0.37649120108970274	0.4788320847156008
430	0.33100819474042664	0.2978996858316673	0.030213985983259	0.38347760177516094	0.3766779445042512	0.4790133356767801
431	0.3310191796471648	0.29793264055188173	0.030213985983259	0.3835929432959114	0.37694707471933564	0.47922754135817386
432	0.3310466419140102	0.298031504712525	0.030213985983259	0.3836918074565547	0.3771557879473603	0.4794142847727223
433	0.3310686117274864	0.2981303688731683	0.030213985983259	0.383790671617198	0.3773754860821232	0.47949667157325837
434	0.3311674758881297	0.2982237405804425	0.030213985983259	0.3838455961508887	0.3775347672298262	0.4796175055473779
435	0.3312498626886658	0.29830612738097856	0.030213985983259	0.38397741503174637	0.3777654502713272	0.4797273546147593
436	0.33133774194257093	0.29834457455456204	0.030213985983259	0.3840433244721752	0.3780290880330426	0.47985368104224796
437	0.33138168156952347	0.29835555946130016	0.030213985983259	0.38409275655249686	0.378215831447591	0.48000197728321287
438	0.3314695608234286	0.29845442362194347	0.030213985983259	0.38413120372608034	0.3784025748621394	0.4801283037107015
439	0.3315244853571193	0.29858624250280114	0.030213985983259	0.38419162071314017	0.37858931827668785	0.4802491376848211
440	0.33162334951776257	0.29865215194323	0.030213985983259	0.3842959773271525	0.37887492585187954	0.48041391128589317
441	0.33171122877166775	0.29873453874376604	0.030213985983259	0.38440033394116485	0.3790506843596898	0.4805676999802272
442	0.3318705099193708	0.29883340290440935	0.030213985983259	0.38445525847485557	0.3792539051343454	0.48071050376782304
443	0.3319144495463234	0.2988773425313619	0.030213985983259	0.3845101830085463	0.3793857240152031	0.48078739811499
444	0.331963881626645	0.298965221785267	0.030213985983259	0.38460904716918953	0.3795559900696443	0.48094118680932396
445	0.33198585144012127	0.2989871915987433	0.030213985983259	0.3846914339697256	0.3797042863106092	0.481094975503658
446	0.3320737306940264	0.2990091614122196	0.030213985983259	0.3847518509567854	0.37988004481841947	0.481254256651361
447	0.33207922314739546	0.29907507085264845	0.030213985983259	0.3848067754904761	0.3800448184194916	0.4813915679855878
448	0.3321286552277171	0.29909704066612475	0.030213985983259	0.384878177384274	0.38027000900762353	0.48155634158665994
449	0.3321725948546697	0.2991354878397082	0.030213985983259	0.38493859437133376	0.3804457675154338	0.48170463782762485
450	0.33221653448162225	0.2992288595469825	0.030213985983259	0.3849880264516554	0.3805940637563987	0.48192982841575677
451	0.33221653448162225	0.2992398444537206	0.030213985983259	0.3849935189050245	0.38061054111650594	0.48192982841575677
452	0.33224948920183667	0.2992398444537206	0.030213985983259	0.3849990113583936	0.3806325109299822	0.4819353208691258
453	0.33224948920183667	0.2992398444537206	0.030213985983259	0.3850154887185008	0.38066546565019665	0.4819353208691258
454	0.3322659665619439	0.2992398444537206	0.030213985983259	0.38502098117186984	0.3806764505569348	0.4819353208691258
455	0.3322659665619439	0.2992398444537206	0.030213985983259	0.38502098117186984	0.3806764505569348	0.4819353208691258
456	0.3322659665619439	0.29924533690708965	0.030213985983259	0.38502098117186984	0.3806874354636729	0.4819353208691258
457	0.3323208910956346	0.2992508293604587	0.030213985983259	0.38502098117186984	0.3806984203704111	0.4819353208691258
458	0.3323208910956346	0.2992508293604587	0.030213985983259	0.38502098117186984	0.3806984203704111	0.4819408133224949
459	0.3323208910956346	0.2992508293604587	0.030213985983259	0.3850264736252389	0.3806984203704111	0.4819408133224949
460	0.3323208910956346	0.2992508293604587	0.030213985983259	0.3850264736252389	0.3806984203704111	0.4819408133224949
461	0.33233187600237274	0.2992508293604587	0.030213985983259	0.3850264736252389	0.3806984203704111	0.4819408133224949
462	0.33233187600237274	0.2992508293604587	0.030213985983259	0.3850264736252389	0.3806984203704111	0.4819408133224949
463	0.33233187600237274	0.2992508293604587	0.030213985983259	0.3850264736252389	0.3806984203704111	0.4819408133224949
464	0.33233187600237274	0.2992508293604587	0.030213985983259	0.3850264736252389	0.3806984203704111	0.4819408133224949
465	0.33234286090911086	0.2992508293604587	0.030213985983259	0.385031966078608	0.3806984203704111	0.4819408133224949
466	0.33234286090911086	0.2992508293604587	0.030213985983259	0.385031966078608	0.3806984203704111	0.4819408133224949
467	0.33234286090911086	0.2992508293604587	0.030213985983259	0.385031966078608	0.3806984203704111	0.4819408133224949
468	0.33234286090911086	0.2992508293604587	0.030213985983259	0.385031966078608	0.38070391282378013	0.4819408133224949
469	0.33234286090911086	0.2992618142671969	0.030213985983259	0.385031966078608	0.38070391282378013	0.4819408133224949
470	0.33234286090911086	0.2992618142671969	0.030213985983259	0.385031966078608	0.38070391282378013	0.4819408133224949
471	0.33234286090911086	0.2992618142671969	0.030213985983259	0.385031966078608	0.38070391282378013	0.4819408133224949
472	0.33234286090911086	0.2992618142671969	0.030213985983259	0.385031966078608	0.3807094052771492	0.4819408133224949
473	0.33234286090911086	0.2992618142671969	0.030213985983259	0.385031966078608	0.3807094052771492	0.4819408133224949
474	0.33234286090911086	0.2992618142671969	0.030213985983259	0.385031966078608	0.3807094052771492	0.4819408133224949
475	0.33234286090911086	0.2992618142671969	0.030213985983259	0.385031966078608	0.3807094052771492	0.4819408133224949
476	0.33234286090911086	0.2992618142671969	0.030213985983259	0.385031966078608	0.3807094052771492	0.4819408133224949
477	0.33234286090911086	0.2992618142671969	0.030213985983259	0.385031966078608	0.3807094052771492	0.48194630577586395
478	0.33234286090911086	0.2992618142671969	0.030213985983259	0.385031966078608	0.3807094052771492	0.48194630577586395
479	0.33234286090911086	0.2992618142671969	0.030213985983259	0.385031966078608	0.3807203901838873	0.48194630577586395
480	0.33234286090911086	0.2992618142671969	0.030213985983259	0.385031966078608	0.3807203901838873	0.48194630577586395
481	0.33236483072258716	0.2992618142671969	0.030213985983259	0.38504295098534613	0.3807203901838873	0.48194630577586395
482	0.33236483072258716	0.2992618142671969	0.030213985983259	0.38504295098534613	0.3807203901838873	0.48194630577586395
483	0.33236483072258716	0.2992618142671969	0.030213985983259	0.38504295098534613	0.3807203901838873	0.48194630577586395
484	0.33236483072258716	0.2992618142671969	0.030213985983259	0.38504295098534613	0.3807203901838873	0.48194630577586395
485	0.33236483072258716	0.2992618142671969	0.030213985983259	0.38504295098534613	0.3807203901838873	0.48194630577586395
486	0.33236483072258716	0.2992618142671969	0.030213985983259	0.38504295098534613	0.3807203901838873	0.48194630577586395
487	0.33236483072258716	0.2992618142671969	0.030213985983259	0.38504295098534613	0.3807203901838873	0.48194630577586395
488	0.33236483072258716	0.2992618142671969	0.030213985983259	0.38504295098534613	0.3807203901838873	0.48194630577586395
489	0.33236483072258716	0.2992618142671969	0.030213985983259	0.3850484434387152	0.3807203901838873	0.48194630577586395
490	0.33236483072258716	0.2992618142671969	0.030213985983259	0.3850484434387152	0.3807203901838873	0.48194630577586395
491	0.33236483072258716	0.2992618142671969	0.030213985983259	0.3850484434387152	0.3807203901838873	0.48194630577586395
492	0.33236483072258716	0.2992618142671969	0.030213985983259	0.3850484434387152	0.38072588263725643	0.48194630577586395
493	0.33236483072258716	0.2992618142671969	0.030213985983259	0.3850484434387152	0.38072588263725643	0.48194630577586395
494	0.33236483072258716	0.2992618142671969	0.030213985983259	0.3850484434387152	0.38072588263725643	0.48194630577586395
495	0.33236483072258716	0.299272799173935	0.030213985983259	0.3850484434387152	0.38072588263725643	0.48194630577586395
496	0.33236483072258716	0.299272799173935	0.030213985983259	0.3850484434387152	0.38072588263725643	0.48194630577586395
497	0.33236483072258716	0.299272799173935	0.030213985983259	0.3850484434387152	0.38072588263725643	0.48194630577586395
498	0.33236483072258716	0.299272799173935	0.030213985983259	0.3850484434387152	0.38072588263725643	0.48194630577586395
499	0.33236483072258716	0.299272799173935	0.030213985983259	0.3850484434387152	0.38072588263725643	0.48194630577586395
500	0.33236483072258716	0.299272799173935	0.030213985983259	0.3850484434387152	0.38072588263725643	0.48194630577586395
