Iteration	bike	car	freight	pt	ride	walk
0	0.16639387481600282	0.2619186238108838	0.030213985983259	0.2125579453830437	0.064223257244546	0.2646923127622646
1	0.1777797306500868	0.270300107652086	0.030213985983259	0.22129094623986642	0.08438056110903619	0.2825043390381616
2	0.18878111474833578	0.27860469714612124	0.030213985983259	0.22930992815870993	0.10281872706900719	0.2996298086429246
3	0.19991981018081156	0.2866346639717029	0.030213985983259	0.2372080761034339	0.12183909308609969	0.316008304589494
4	0.21065755651734516	0.2935551552167322	0.030213985983259	0.245353384449766	0.14015642507195114	0.33182107783904913
5	0.221334885866819	0.30143682580134895	0.030213985983259	0.25242766438912934	0.1577377683063471	0.3472658567128765
6	0.2309961113430147	0.30878023595579673	0.030213985983259	0.25965573302282663	0.1752861568205286	0.361480326032032
7	0.23999274996155281	0.3161126612035064	0.030213985983259	0.2671584243249775	0.19090669420216622	0.37668343695762024
8	0.24973086978491552	0.3238075883735747	0.030213985983259	0.2741887646373882	0.20703253729375837	0.3908594591031922
9	0.25872750840345365	0.3307170947118659	0.030213985983259	0.28144978799129994	0.2229551596106949	0.4046729793264055
10	0.267433046993431	0.33727508403453654	0.030213985983259	0.2887272887053189	0.23785618560098426	0.4177010787178417
11	0.27678669508095877	0.3436298525825516	0.030213985983259	0.2946701232506536	0.2528505832985478	0.42997671199771514
12	0.2858217808730804	0.3498253399828635	0.030213985983259	0.30121163521321703	0.26784498099611137	0.44189533580859897
13	0.29423072698112795	0.35665795197398775	0.030213985983259	0.30681393764966935	0.2822901333567678	0.4535338444976602
14	0.30266164290265174	0.362952303534943	0.030213985983259	0.31238328536590726	0.29632335171474394	0.46446931915548034
15	0.3099830832436233	0.36899949469429005	0.030213985983259	0.31804600478941936	0.31010391721774283	0.4753059296526572
16	0.3182711953775512	0.3749148669727794	0.030213985983259	0.323752663839884	0.3234890260781686	0.48600522881560737
17	0.3262956697497638	0.38034690335479054	0.030213985983259	0.32932750400949096	0.3348474196454072	0.4964903222971637
18	0.3348364347386691	0.38664125491574575	0.030213985983259	0.3344135158292506	0.3471120680185425	0.5066733308434211
19	0.34242151284135597	0.39245227058022275	0.030213985983259	0.3395654370894391	0.3592009578838676	0.5162466770657117
20	0.3496825361952677	0.3990212448096316	0.030213985983259	0.34416262055935143	0.3713722345497287	0.5251938836039282
21	0.35647670101280843	0.4048762001010611	0.030213985983259	0.34840828701364324	0.3822198299536437	0.5341905222224663
22	0.3638585583408397	0.410055583628095	0.030213985983259	0.3529285761363886	0.3932102291451546	0.5429015532658128
23	0.37147659116374104	0.41564690115780917	0.030213985983259	0.357454357712503	0.40351407166553155	0.5521123975657447
24	0.3783531427818178	0.4210899224465584	0.030213985983259	0.3620295713689391	0.41387833117296835	0.5601533492980645
25	0.3849990113583936	0.4265329437353077	0.030213985983259	0.36614891139574224	0.4239075510248918	0.5675516839862029
26	0.39107915723795506	0.4318331612364611	0.030213985983259	0.36998264384735374	0.43451897093393677	0.5751312696355207
27	0.3977909352549597	0.4371498560977217	0.030213985983259	0.37405804424720435	0.4436364435265945	0.583430366676187
28	0.4042720302304633	0.4421040490366237	0.030213985983259	0.37773798800448183	0.4534679350572314	0.5906584353098843
29	0.4104839949908825	0.446931915548037	0.030213985983259	0.3814618713887119	0.4623821868752334	0.5983423775732144
30	0.4163773974558956	0.45156205373816377	0.030213985983259	0.3847957905837379	0.4717687896829756	0.6048124876419799
31	0.4224136037085045	0.4566535580112925	0.030213985983259	0.3884592569809082	0.48006239427027264	0.6112771052573763
32	0.4284882571346969	0.4612727112946811	0.030213985983259	0.3920513214842806	0.48860865171254697	0.6177307379660346
33	0.4342882878924358	0.465990728738713	0.030213985983259	0.3956159237208076	0.4970889997143924	0.6241788782213239
34	0.4401212733703891	0.4709943537579366	0.030213985983259	0.39877408440802337	0.5056517345167739	0.6307423599973636
35	0.446388162664499	0.4754542258936222	0.030213985983259	0.40191576773513193	0.5135663598216051	0.6369213700375684
36	0.4520398971812729	0.4802491376848211	0.030213985983259	0.4054474152514445	0.5212942417118879	0.6426609838082474
37	0.45777401849858296	0.48419271920381396	0.030213985983259	0.40787507964057385	0.5284509084517872	0.648208361711009
38	0.46310719071995077	0.4875980402926379	0.030213985983259	0.41095634598062264	0.5362227299690225	0.6532888810773997
39	0.468237142166663	0.492096359601907	0.030213985983259	0.414010150053826	0.5435276929498869	0.6587868268998396
40	0.47292769734384954	0.49599050904057823	0.030213985983259	0.41686073335237384	0.5500911747259266	0.6643616670694465
41	0.47878265263527914	0.5005272755234308	0.030213985983259	0.419354307181932	0.5562537074060241	0.6690741920601094
42	0.4844179097919459	0.5045807061098051	0.030213985983259	0.42208954895972933	0.5626524155809918	0.6740064151855351
43	0.4892787310235736	0.5084089461080475	0.030213985983259	0.42476986620383594	0.5688588878880418	0.679191291165938
44	0.4937111408924138	0.5127205220027682	0.030213985983259	0.42731836456708483	0.5751312696355207	0.6840685897576729
45	0.4987312432717446	0.5165432695476415	0.030213985983259	0.4302073950392161	0.5814860381835358	0.6883636882922864
46	0.503405321088824	0.520294615198717	0.030213985983259	0.4328602500164774	0.5876705406771097	0.6926478019201617
47	0.5079860271986291	0.5241448250104357	0.030213985983259	0.43529889931234483	0.5938056110903619	0.6972120306698596
48	0.5124568842410528	0.5280719291693213	0.030213985983259	0.4377045938879979	0.6001164400114243	0.701660917898807
49	0.5174220620866928	0.5316310389524793	0.030213985983259	0.4401652129973416	0.6057681745281983	0.7059010918997298
50	0.5218984115824856	0.5352835204429114	0.030213985983259	0.44287848496166266	0.6114254014983412	0.7098281960586155
51	0.5267207856405299	0.5386009622778303	0.030213985983259	0.44509194366939825	0.6169727794011028	0.7133873058417735
52	0.5307852011336424	0.5418854493925347	0.030213985983259	0.447321879737241	0.6224597403168047	0.7169738778917767
53	0.5350253751345652	0.5452578157611442	0.030213985983259	0.44967264977920335	0.6273425313619088	0.7206263593822089
54	0.5392271019619044	0.5487565085572423	0.030213985983259	0.4517762594195575	0.6322582771272272	0.7242184238855812
55	0.5428850759057056	0.5519586088714107	0.030213985983259	0.4539897181272931	0.6374486455609992	0.727761056308632
56	0.5471307423599974	0.5552760507063295	0.030213985983259	0.45625810136871936	0.6419744271371136	0.7313805830788497
57	0.5517059560164335	0.5584836434738669	0.030213985983259	0.4582573543950612	0.6468791879956939	0.7348518136081025
58	0.5556660148955336	0.5617901004020476	0.030213985983259	0.4600094470197948	0.6514214469319155	0.7377463365336028
59	0.5598238020959202	0.5647175780477623	0.030213985983259	0.4617670320978975	0.655716545466529	0.7409923764747237
60	0.5635696552936266	0.5676011160665246	0.030213985983259	0.4634202605619878	0.6602258496825362	0.7443098183096426
61	0.5672935386778566	0.570188061603357	0.030213985983259	0.4652712173473647	0.6644165916031373	0.7475283959839181
62	0.5712810598238021	0.5733022826636202	0.030213985983259	0.4671056967726344	0.6684096052024519	0.7505657226970143
63	0.5751092998220445	0.5767076037524441	0.030213985983259	0.46878089505020104	0.6724795131489334	0.7534547531691456
64	0.5791078058747281	0.5798767493463981	0.030213985983259	0.47057143484851816	0.6767855965902849	0.7563437836412769
65	0.5829415383263397	0.5826064986708263	0.030213985983259	0.4723949293670497	0.6806687611222181	0.759375617901004
66	0.58630841224158	0.585528483863172	0.030213985983259	0.4740536502845091	0.6843267350660193	0.7623140804534569
67	0.5901915767735132	0.5882582331876003	0.030213985983259	0.4755256277874201	0.688176944877738	0.7648351165498605
68	0.5933717072742053	0.5909165806182306	0.030213985983259	0.47698112793022385	0.6916481754069908	0.7676966847551464
69	0.5966287321220642	0.5938825054375289	0.030213985983259	0.4787112507414812	0.6952567172704703	0.7702671529318716
70	0.6001439022782696	0.5965573302282664	0.030213985983259	0.4802711074982973	0.6990684799086055	0.7729529626293473
71	0.6033899422193906	0.5989959795241339	0.030213985983259	0.4815838038535053	0.7025232330777512	0.7752488081376189
72	0.6070149614429774	0.6017367137553002	0.030213985983259	0.4830118417294637	0.7053243842959773	0.7775171913790452
73	0.610942065601863	0.6044829404398356	0.030213985983259	0.4842201814706593	0.708625348770789	0.779983302941758
74	0.6138201111672562	0.6069160972823341	0.030213985983259	0.48548344574554564	0.7118768811652789	0.7823340729837204
75	0.6171540303622822	0.6091734956170222	0.030213985983259	0.48687852890128963	0.714831821077839	0.785019882681196
76	0.6202023419821165	0.6116286222729969	0.030213985983259	0.4882736120570336	0.7178966100577806	0.7871948942153482
77	0.6233769800294395	0.6140837489289716	0.030213985983259	0.4895258914251818	0.721186589625854	0.7891831623349518
78	0.6266999143177274	0.6163246699035525	0.030213985983259	0.49067930663268666	0.7242678559659028	0.7912428323483534
79	0.629605422149966	0.6188566909066942	0.030213985983259	0.49183821429356067	0.7272722279587847	0.7931322363073138
80	0.6325988092361096	0.6211854911351803	0.030213985983259	0.4930904936617088	0.7301557659775468	0.7951424742403937
81	0.6359766680580882	0.6228277346925325	0.030213985983259	0.49402421073445085	0.7328196058615463	0.7971307423599974
82	0.6392007381857328	0.6246841839312784	0.030213985983259	0.49513917876837227	0.7352362853439375	0.7991519651998155
83	0.6423479139662104	0.6266340048772986	0.030213985983259	0.4960838807478524	0.7381637629896523	0.8009919370784542
84	0.645330316145616	0.6289518201990465	0.030213985983259	0.49701210536722545	0.7407946481534372	0.8028648636773074
85	0.648208361711009	0.6310664147461388	0.030213985983259	0.4978854054529077	0.7434639804908056	0.8043917657139091
86	0.6509216336753301	0.6329832809719446	0.030213985983259	0.4989399564997693	0.7457433486389701	0.8060010545510469
87	0.6538820660412593	0.6353285585605378	0.030213985983259	0.5000659094404288	0.7482863545488498	0.8078190566162093
88	0.6565623832853659	0.6374980776413208	0.030213985983259	0.5009117472592658	0.750845837818837	0.8094667926269306
89	0.6589900476744952	0.6395412702946152	0.030213985983259	0.5018125096117934	0.7530263418063581	0.8108838455961509
90	0.6613847573434102	0.6415020761473735	0.030213985983259	0.502790166311488	0.7555638552628688	0.8124931344332886
91	0.6639442406133972	0.6432267065052618	0.030213985983259	0.5036195267702177	0.7576839422633301	0.8143111364984511
92	0.6668442559922666	0.6449952764901026	0.030213985983259	0.5045477513895907	0.7597930443570534	0.8160247819496013
93	0.6691785486741217	0.6467199068479909	0.030213985983259	0.5053166948612606	0.7618197596502406	0.8175406990794648
94	0.671595228156513	0.6483346881384977	0.030213985983259	0.5060856383329305	0.7640716655315596	0.8188588878880418
95	0.6742480831337742	0.650295493991256	0.030213985983259	0.5070193554056726	0.7661752751719137	0.820264955950524
96	0.6769393852846189	0.6522453149372762	0.030213985983259	0.5080299668255817	0.768201990465101	0.821429356064767
97	0.6792462156996287	0.6541017641760222	0.030213985983259	0.5087330008568227	0.7703440472790386	0.8229507656479996
98	0.6815091064876859	0.6556121888525166	0.030213985983259	0.5095788386756597	0.7720906474504031	0.824137135575719
99	0.6835962387679329	0.6569084078476174	0.030213985983259	0.5105235406551398	0.7741667948239119	0.8254333545708197
100	0.6861227673177055	0.6586055759386603	0.030213985983259	0.5114078256475603	0.7761166157699321	0.8265647999648483
101	0.688490014719775	0.6605938440582639	0.030213985983259	0.5122701408265043	0.7778357536744513	0.8281081793615572
102	0.690340971505152	0.6620987762813894	0.030213985983259	0.5130610541116506	0.7797196651800427	0.8292890568359075
103	0.6921424962102072	0.6637849594656942	0.030213985983259	0.5140002636377617	0.7816145615923721	0.8305303512973174
104	0.6944053869982644	0.6654711426499988	0.030213985983259	0.5146154184150976	0.7832952523233078	0.831650811784608
105	0.6961629720763671	0.6671628182876728	0.030213985983259	0.5154777335940418	0.7850802996682558	0.8327218401915768
106	0.6982940439835665	0.668733659951227	0.030213985983259	0.5163016015994024	0.7867280356789771	0.8336994968912714
107	0.7004800404244568	0.670128743106971	0.030213985983259	0.5169442186435838	0.788502098117187	0.8344464705494651
108	0.7022870575828811	0.671595228156513	0.030213985983259	0.5176527451281938	0.7902596831952897	0.8355065140496957
109	0.7044346068501879	0.6727541358173869	0.030213985983259	0.518289869719006	0.791830524858844	0.836533602829712
110	0.7062471164619812	0.6743908869213701	0.030213985983259	0.5189599490300327	0.7935112155897797	0.8377144803040623
111	0.7085869015972054	0.6759727134916624	0.030213985983259	0.5197398774084409	0.7952578157611442	0.8388074785245073
112	0.7104158885691061	0.6773348419271921	0.030213985983259	0.520294615198717	0.7966913460904717	0.8397247182371421
113	0.7123327547949118	0.6786969703627216	0.030213985983259	0.5209646945097436	0.7979985499923106	0.840949535338445
114	0.714441856888635	0.6801524705055254	0.030213985983259	0.5216787134477229	0.7995968539227102	0.8420205637454138
115	0.7164795570885604	0.6815091064876859	0.030213985983259	0.5221895116110464	0.8012226201199552	0.8430366676186919
116	0.7186655535294505	0.6829481292703825	0.030213985983259	0.522623415427203	0.8026231957290683	0.8441076960256607
117	0.7201210536722543	0.6843377199727574	0.030213985983259	0.5231946305775864	0.8041336204055628	0.8449205791242832
118	0.7219335632840477	0.6859360239031571	0.030213985983259	0.5237493683678626	0.8055946130017356	0.8459531603576685
119	0.7235593294812928	0.6874409561262825	0.030213985983259	0.5242272118109718	0.8066546565019663	0.846760551002922
120	0.7251960805852758	0.6889129336291935	0.030213985983259	0.5248149043214623	0.8079673528571742	0.8476283586352352
121	0.7266735505415559	0.6901377507304963	0.030213985983259	0.525413581738691	0.8093789133730255	0.848622492695037
122	0.7284256431662895	0.6914888942592877	0.030213985983259	0.5259188874486456	0.8107520267152932	0.8494298833402905
123	0.7302875848584045	0.6927796208010194	0.030213985983259	0.5264296856119691	0.8121526023244062	0.8504350023068304
124	0.7320396774831381	0.6940428850759057	0.030213985983259	0.5269899158556144	0.8133170024386494	0.8513137948458818
125	0.7336654436803831	0.6952841795373157	0.030213985983259	0.5274732517520926	0.8144978799129995	0.8520333062372301
126	0.7350660192894962	0.6964156249313443	0.030213985983259	0.5280005272755234	0.8157172045609333	0.8527198629083639
127	0.7366588307665268	0.6976184722191708	0.030213985983259	0.5284179537315729	0.8167937254212712	0.8535876705406771
128	0.7380539139222708	0.6983764307841026	0.030213985983259	0.5290166311488016	0.817947140628776	0.85427971966518
129	0.7393666102774787	0.6992936704967375	0.030213985983259	0.5294834896851726	0.8191335105564954	0.855279346178351
130	0.7409758991146165	0.7003866687171826	0.030213985983259	0.5300162576619725	0.8205121163521322	0.8559659028494848
131	0.7426291275787068	0.7014906518443659	0.030213985983259	0.5305160709185579	0.8217643957202804	0.8566195048004043
132	0.7438978843069622	0.7025012632642749	0.030213985983259	0.5309609596414526	0.8229397807412615	0.8573225388316453
133	0.7455181580508381	0.7033745633499572	0.030213985983259	0.5314442955379309	0.8241481204824571	0.8580914823033152
134	0.7470999846211306	0.7046323351714744	0.030213985983259	0.53192213898104	0.8251147922754136	0.8589153503086758
135	0.748291847002219	0.7059615088867895	0.030213985983259	0.5324713843179472	0.8264000263637762	0.8597721730342509
136	0.7499011358393567	0.7070654920139728	0.030213985983259	0.532921765494211	0.827394160423578	0.8605081617857064
137	0.7511808774743503	0.7082683393017993	0.030213985983259	0.5333336994968912	0.8285695454445592	0.8611892260034713
138	0.7523397851352241	0.7094217545093042	0.030213985983259	0.5336907089658809	0.8294043983566579	0.8618428279543907
139	0.753789792824659	0.7104817980095349	0.030213985983259	0.5342069995825736	0.8304699343102577	0.8625183997187864
140	0.7549322231254256	0.711415515082277	0.030213985983259	0.5345749939583013	0.8314036513829998	0.863182986576444
141	0.7562064723070501	0.7122613529011139	0.030213985983259	0.5350363600413033	0.8324636948832305	0.8638146187138871
142	0.7575246611156271	0.7131071907199508	0.030213985983259	0.535486741217567	0.833276577981853	0.8642924621569963
143	0.7590076235252763	0.7140409077926928	0.030213985983259	0.5359700771140453	0.8339356723861414	0.8649076169343323
144	0.7605674802820924	0.7150350418524947	0.030213985983259	0.5363929960234638	0.8347595403915021	0.8657369773930619
145	0.7617703275699189	0.7160291759122965	0.030213985983259	0.5367280356789771	0.8354790517828503	0.8663301623569216
146	0.7630061295779599	0.7168859986378716	0.030213985983259	0.5370520904277523	0.8362479952545203	0.8668189907067689
147	0.7643133334797988	0.7177428213634466	0.030213985983259	0.537496979150647	0.8369839840059757	0.8673792209504141
148	0.7655216732209944	0.7185721818221763	0.030213985983259	0.5379308829668036	0.8377968671045983	0.867983390821012
149	0.7669002790166312	0.7194674517213349	0.030213985983259	0.5383922490498055	0.8385932728431136	0.8684612342641211
150	0.7679218753432784	0.7203956763407079	0.030213985983259	0.5388700924929147	0.8393896785816288	0.86899949469429
151	0.7689929037502472	0.721252499066283	0.030213985983259	0.539122745347892	0.8403233956543709	0.8695212777643517
152	0.7702451831183953	0.722191708592394	0.030213985983259	0.5394742623635125	0.8412021881934222	0.87000461366083
153	0.7713931058725312	0.7230979633982908	0.030213985983259	0.5398312718325021	0.8419491618516158	0.8704934420106774
154	0.7726893248676319	0.7241140672715689	0.030213985983259	0.5401443416745392	0.8425588241755827	0.8709603005470483
155	0.7737438759144935	0.7250038447173583	0.030213985983259	0.5404244567963618	0.8433167827405146	0.871471098710372
156	0.7749192609354747	0.7257123712019685	0.030213985983259	0.5406826021047081	0.8440692488520772	0.8718665553529451
157	0.7761495704901465	0.7266405958213414	0.030213985983259	0.5410121493068524	0.8448931168574378	0.8724707252235429
158	0.7771437045499484	0.7275688204407145	0.030213985983259	0.541215370081508	0.8454533471010831	0.8728881516795922
159	0.7781653008765955	0.7283652261792297	0.030213985983259	0.5415229474701759	0.8462662301997056	0.8732726234154272
160	0.7793736406177911	0.7291121998374234	0.030213985983259	0.541830524858844	0.8469637717775776	0.8736680800580003
161	0.7801865237164136	0.7300239470966892	0.030213985983259	0.5422424588615242	0.8475954039150208	0.8741129687808951
162	0.7811312256958939	0.7308862622756332	0.030213985983259	0.5424401871828108	0.848155634158666	0.8744589933431465
163	0.7821033899422194	0.7319408133224949	0.030213985983259	0.5426543928642046	0.8489190851769668	0.8749313443328867
164	0.7832677900564624	0.7325559680998308	0.030213985983259	0.5429454928927654	0.8496440890216842	0.8754696047630556
165	0.7844596524375508	0.7332974493046555	0.030213985983259	0.5432475778280642	0.8502262890788057	0.8759364632994265
166	0.785552650657996	0.7342586286442429	0.030213985983259	0.5436265571105301	0.8508359514027726	0.8762385482347255
167	0.7865687545312741	0.7349616626754839	0.030213985983259	0.5437803458048641	0.8515774326075971	0.8766779445042512
168	0.7874695168838016	0.7357141287870466	0.030213985983259	0.5440329986598413	0.8520058439703847	0.8770679086934552
169	0.7883647867829602	0.7364830722587166	0.030213985983259	0.5442526967946042	0.8524397477865413	0.8774963200562427
170	0.7893369510292858	0.7371751213832195	0.030213985983259	0.5444833798361052	0.8530219478436628	0.8778588219786014
171	0.7902267284750752	0.7378397082408771	0.030213985983259	0.5447909572247731	0.8536480875277369	0.8783146956082343
172	0.79114396818771	0.7386306215260232	0.030213985983259	0.5450491025331194	0.8541698705977986	0.8786662126238548
173	0.792374277742382	0.7394325197179076	0.030213985983259	0.5453566799217875	0.8547850253751346	0.8790561768130588
174	0.7932915174550168	0.740163016015994	0.030213985983259	0.5457301667508843	0.8553727178856252	0.8794131862820485
175	0.7942801590614496	0.7409429443944021	0.030213985983259	0.5459553573390162	0.8559933651163302	0.8798745523650504
176	0.7955214535228596	0.7416295010655359	0.030213985983259	0.5461091460333501	0.8565426104532372	0.8802645165542544
177	0.7963233517147439	0.7421073445086451	0.030213985983259	0.5463947536085418	0.8571083331502516	0.8806050486631368
178	0.7971142649998901	0.7426785596590285	0.030213985983259	0.5466803611837335	0.8576465935804205	0.8809455807720192
179	0.7980479820726322	0.7432552672627809	0.030213985983259	0.546872597051651	0.8582178087308039	0.8812861128809016
180	0.7989048047982072	0.743810005053057	0.030213985983259	0.5470922951864139	0.8586352351868533	0.8816211525364149
181	0.7996792407232463	0.7444031900169168	0.030213985983259	0.5473119933211767	0.8591295559900697	0.8819012676582376
182	0.8003273502207966	0.7451227014082651	0.030213985983259	0.5475481688160467	0.8597007711404531	0.882318694114287
183	0.8013159918272293	0.7457268712788628	0.030213985983259	0.5477568820440715	0.8601731221301931	0.8826811960366456
184	0.8017883428169695	0.7462431618955555	0.030213985983259	0.5479326405518817	0.8606125183997188	0.8829722960652064
185	0.8027220598897116	0.7470175978205945	0.030213985983259	0.5481523386866446	0.8611013467495661	0.8832853659072435
186	0.8034250939209526	0.7475943054243469	0.030213985983259	0.548339082101193	0.8615682052859371	0.8835490036689588
187	0.8043807808071709	0.7480776413208252	0.030213985983259	0.5485038557022651	0.8621558977964278	0.8837412395368763
188	0.8050179053979831	0.7486873036447921	0.030213985983259	0.5487510161038732	0.8626062789726915	0.8840048772985918
189	0.8058362809499747	0.7494672320232001	0.030213985983259	0.5489432519717907	0.863182986576444	0.8842959773271525
190	0.8065228376211085	0.7499176131994639	0.030213985983259	0.549195904826768	0.8635180262319573	0.884570599995606
191	0.8072698112793022	0.750615154777336	0.030213985983259	0.5495254520289122	0.8639519300481139	0.884801283037107
192	0.808027769844234	0.7511918623810884	0.030213985983259	0.5497231803501988	0.8643693565041632	0.8850978755190368
193	0.8084781510204978	0.7518070171584244	0.030213985983259	0.5499428784849617	0.8648032603203198	0.885339543467276
194	0.8091976624118461	0.7522189511611046	0.030213985983259	0.5501406068062482	0.8652701188566909	0.8855043170683481
195	0.8099666058835161	0.7528176285783333	0.030213985983259	0.5503273502207966	0.865665575499264	0.8857459850165872
196	0.8106257002878046	0.7532735022079663	0.030213985983259	0.550508601181976	0.8662258057429092	0.8860755322187315
197	0.8113012720522003	0.7537733154645517	0.030213985983259	0.5506459125162028	0.8665992925720061	0.8863117077136015
198	0.8119438890963816	0.7542786211745063	0.030213985983259	0.5507887163037986	0.8669508095876266	0.8866192851022695
199	0.8124766570731814	0.7548937759518421	0.030213985983259	0.5509425049981326	0.8673462662301997	0.8868279983302941
200	0.8131247665707318	0.7552398005140937	0.030213985983259	0.5511017861458356	0.8676208888986533	0.8870971285453787
201	0.8139541270294616	0.755657226970143	0.030213985983259	0.5513379616407057	0.867911988927214	0.8873387964936178
202	0.8147889799415603	0.7562449194806337	0.030213985983259	0.5515082276951468	0.8682744908495726	0.8875420172682734
203	0.8154865215194324	0.7567612100973262	0.030213985983259	0.5517004635630643	0.8685381286112881	0.8877836852165125
204	0.8160467517630775	0.7572720082606499	0.030213985983259	0.55190368433772	0.868840213546587	0.8880473229782279
205	0.8165959970999846	0.7577388667970208	0.030213985983259	0.5520519805786849	0.8692411626425292	0.8883329305534196
206	0.8171562273436298	0.7580464441856889	0.030213985983259	0.5521728145528044	0.8695652173913043	0.8885636135949205
207	0.8178922160950853	0.7584309159215238	0.030213985983259	0.55237603532746	0.869850824966496	0.8888602060768505
208	0.818485401058945	0.7586890612298701	0.030213985983259	0.5524913768482106	0.8701913570753784	0.8890689193048751
209	0.8189852143155305	0.7591119801392886	0.030213985983259	0.5526836127161281	0.8705209042775227	0.8893050947997452
210	0.8196827558934024	0.7595513764088143	0.030213985983259	0.552831908957093	0.8708998835599886	0.8895193004811389
211	0.8203143880308457	0.7600786519322451	0.030213985983259	0.5529856976514269	0.8713447722828833	0.8896566118153657
212	0.8209844673418722	0.7606224048157831	0.030213985983259	0.5531834259727135	0.8717512138321946	0.8898598325900213
213	0.8215996221192082	0.7611496803392139	0.030213985983259	0.5533262297603093	0.8719983742338028	0.8900795307247842
214	0.8221488674561153	0.7615066898082036	0.030213985983259	0.5534745260012742	0.87225102708878	0.8903157062196542
215	0.8224674297515214	0.7621218445855394	0.030213985983259	0.5536502845090845	0.872476217676912	0.8905518817145243
216	0.8230496298086429	0.7625392710415888	0.030213985983259	0.5537601335764659	0.8728112573324253	0.8907221477689654
217	0.8237361864797768	0.7630226069380671	0.030213985983259	0.5539139222707999	0.8730913724542478	0.8908814289166685
218	0.8240877034953973	0.7633906013137949	0.030213985983259	0.5540292637915504	0.8734209196563921	0.8910626798778478
219	0.8248291847002219	0.7638519673967968	0.030213985983259	0.5541281279521937	0.8736845574181075	0.8912604081991344
220	0.8253674451303908	0.7642913636663224	0.030213985983259	0.5542983940066348	0.8740964914207878	0.8914526440670518
221	0.8258892282004526	0.7646044335083595	0.030213985983259	0.5544357053408616	0.8744699782498847	0.8916888195619219
222	0.8263505942834546	0.76495595052398	0.030213985983259	0.5545785091284575	0.8748434650789815	0.8918920403365775
223	0.8268339301799328	0.7653239448997078	0.030213985983259	0.5547103280093152	0.8751016103873278	0.8921721554584001
224	0.8273612057033636	0.7656864468220664	0.030213985983259	0.5548586242502801	0.875420172682734	0.8922820045257815
225	0.8278665114133181	0.7659226223169365	0.030213985983259	0.5549629808642924	0.875650855724235	0.8924467781268537
226	0.828481666190654	0.7661972449853901	0.030213985983259	0.5551552167322099	0.8759254783926884	0.8925785970077114
227	0.8291187907814662	0.7665158072807962	0.030213985983259	0.555314497879913	0.8761396840740822	0.8928422347694268
228	0.8296515587582661	0.7668453544829404	0.030213985983259	0.5554078695871872	0.8763868444756904	0.893007008370499
229	0.8301294022013753	0.767350660192895	0.030213985983259	0.555550673374783	0.8767108992244655	0.8931553046114639
230	0.8305523211107938	0.7677186545686228	0.030213985983259	0.5556550299887953	0.8769855218929191	0.893325570665905
231	0.8310905815409627	0.7680372168640288	0.030213985983259	0.5558472658567128	0.8772821143748489	0.8934573895467628
232	0.8314366061032142	0.7684052112397566	0.030213985983259	0.5560944262583211	0.8775073049629809	0.8936331480545731
233	0.8318155853856801	0.7688226376958059	0.030213985983259	0.5562042753257025	0.8778093898982797	0.8937375046685854
234	0.8322659665619438	0.7692400641518553	0.030213985983259	0.5562646923127622	0.8780181031263045	0.8938912933629194
235	0.8328756288859107	0.7695641189006305	0.030213985983259	0.5564074961003581	0.878292725794758	0.8939956499769317
236	0.8332601006217457	0.7697948019421315	0.030213985983259	0.5564898829008942	0.8784849616626755	0.8940890216842059
237	0.8337269591581168	0.7699321132763582	0.030213985983259	0.5565612847946921	0.87875409187776	0.8942098556583254
238	0.8342762044950238	0.7703330623723005	0.030213985983259	0.5567260583957642	0.8789078805720939	0.8943526594459213
239	0.8346936309510732	0.7707230265615045	0.030213985983259	0.556863369729991	0.879220950414131	0.894489970780148
240	0.8350012083397412	0.7711404530175539	0.030213985983259	0.5570336357844322	0.8794351560955247	0.8946492519278512
241	0.8355010215963267	0.7715468945668651	0.030213985983259	0.5571599622119208	0.8797317485774546	0.8948524727025068
242	0.8358580310653163	0.7717061757145682	0.030213985983259	0.5572753037326713	0.879918491992003	0.8949623217698882
243	0.8363743216820089	0.7720137531032362	0.030213985983259	0.5573851528000527	0.8801436825801349	0.8950392161170552
244	0.836764285871213	0.7724201946525474	0.030213985983259	0.5574455697871125	0.8804732297822792	0.8951655425445438
245	0.8372586066744293	0.7728760682821803	0.030213985983259	0.5575224641342795	0.880692927917042	0.895335808598985
246	0.8378243293714437	0.7731726607641101	0.030213985983259	0.5575828811213392	0.8809016411450666	0.8954511501197355
247	0.8382472482808621	0.7735131928729925	0.030213985983259	0.5576652679218753	0.8810773996528769	0.8955719840938551
248	0.838472438868994	0.7740075136762089	0.030213985983259	0.5577311773623042	0.881313575147747	0.8956763407078674
249	0.8388019860711382	0.7741667948239119	0.030213985983259	0.5578080717094712	0.8814948261089264	0.8957422501482962
250	0.8391809653536042	0.7745347891996397	0.030213985983259	0.557945383043698	0.8817200166970582	0.8958960388426302
251	0.8398180899444164	0.7747380099742953	0.030213985983259	0.5580936792846629	0.8819616846452973	0.896038842630226
252	0.840098205066239	0.7750126326427489	0.030213985983259	0.5581650811784608	0.88224179976712	0.8962036162312982
253	0.8404167673616451	0.7754025968319529	0.030213985983259	0.5582474679789968	0.8824285431816684	0.8962969879385724
254	0.8408341938176945	0.7757046817672518	0.030213985983259	0.5584287189401762	0.8825988092361096	0.8964123294593229
255	0.8412021881934222	0.7759463497154909	0.030213985983259	0.5585440604609266	0.8828404771843487	0.8965166860733352
256	0.8415482127556737	0.7762978667311115	0.030213985983259	0.558725311422106	0.8830272205988972	0.896653997407562
257	0.8419491618516158	0.7765999516664104	0.030213985983259	0.5587912208625349	0.8831919941999692	0.8967144143946217
258	0.8423665883076653	0.7769075290550783	0.030213985983259	0.5588681152097019	0.8833677527077796	0.8967803238350507
259	0.8426961355098095	0.7772041215370081	0.030213985983259	0.5589614869169761	0.8835160489487445	0.8969286200760156
260	0.8429982204451084	0.7776105630863194	0.030213985983259	0.5590548586242503	0.8837632093503526	0.8970769163169805
261	0.8432343959399785	0.7777643517806534	0.030213985983259	0.5591647076916317	0.8839060131379485	0.8971757804776237
262	0.8435474657820156	0.7780060197288925	0.030213985983259	0.5592470944921678	0.8840323395654371	0.8972966144517434
263	0.8438275809038381	0.7782476876771316	0.030213985983259	0.5593734209196564	0.8841696508996638	0.8974174484258629
264	0.8440967111189226	0.7784234461849419	0.030213985983259	0.5594503152668234	0.884334424500736	0.897505327679768
265	0.8444537205879122	0.7786870839466573	0.030213985983259	0.5595327020673595	0.8845101830085462	0.8975382823999825
266	0.8447228508029967	0.7789452292550036	0.030213985983259	0.5596041039611573	0.8846529867961421	0.8976371465606257
267	0.8451018300854626	0.7792363292835643	0.030213985983259	0.5596864907616934	0.8848562075707977	0.8977524880813762
268	0.8454808093679285	0.779362655711053	0.030213985983259	0.5597524002021222	0.8849880264516554	0.8978293824285432
269	0.8458433112902871	0.7795603840323395	0.030213985983259	0.5598622492695037	0.8851473075993584	0.8979502164026627
270	0.8461234264121098	0.7798020519805787	0.030213985983259	0.5599336511633016	0.8852901113869543	0.8980106333897225
271	0.8465408528681592	0.7800437199288178	0.030213985983259	0.5600050530570996	0.8854713623481336	0.8980930201902586
272	0.8467111189226003	0.78020849352989	0.030213985983259	0.5601039172177428	0.8856086736823604	0.8981973768042709
273	0.8469637717775776	0.7803622822242239	0.030213985983259	0.5602357360986006	0.8857734472834325	0.898279763604807
274	0.8472988114330909	0.7805655029988795	0.030213985983259	0.560279675725553	0.8858997737109212	0.8983511654986049
275	0.8475020322077466	0.7808071709471187	0.030213985983259	0.560351077619351	0.8860261001384099	0.8984445372058791
276	0.8478205945031526	0.7810817936155722	0.030213985983259	0.5604609266867324	0.8861469341125294	0.8985653711799987
277	0.848155634158666	0.7812410747632753	0.030213985983259	0.5605213436737922	0.8863062152602325	0.898669727794011
278	0.8483478700265835	0.781455280444669	0.030213985983259	0.560581760660852	0.8864600039545665	0.8987466221411781
279	0.84854559834787	0.781609069139003	0.030213985983259	0.5606311927411737	0.8866137926489004	0.8988125315816069
280	0.8489520398971813	0.7817903201001823	0.030213985983259	0.560735549355186	0.8867456115297581	0.8988839334754047
281	0.8492156776588967	0.7819770635147307	0.030213985983259	0.5607630116220313	0.8868939077707231	0.8989443504624646
282	0.8495067776874574	0.7821692993826482	0.030213985983259	0.5608453984225674	0.8870312191049498	0.899054199529846
283	0.8496715512885296	0.7823999824241492	0.030213985983259	0.5609277852231035	0.8871410681723312	0.8991201089702748
284	0.8499736362238285	0.7825537711184832	0.030213985983259	0.5610321418371158	0.8872234549728673	0.8991860184107037
285	0.8502867060658655	0.78269108245271	0.030213985983259	0.5610980512775446	0.8873717512138322	0.8992464353977635
286	0.8505668211876881	0.7828283937869367	0.030213985983259	0.5611914229848188	0.8874980776413208	0.8993892391853593
287	0.85079201177582	0.7830206296548542	0.030213985983259	0.561284794692093	0.887591449348595	0.8994716259858954
288	0.8510831118043808	0.7832238504295098	0.030213985983259	0.5613726739459982	0.8877342531361909	0.8995320429729552
289	0.851407166553156	0.7835259353648087	0.030213985983259	0.5614495682931652	0.8878441022035722	0.899597952413384
290	0.8516213722345497	0.78369620141925	0.030213985983259	0.5615484324538085	0.88797592108443	0.8996913241206582
291	0.8519234571698486	0.7837840806731551	0.030213985983259	0.5615813871740228	0.8881626644989784	0.8997627260144562
292	0.8521706175714568	0.7839543467275962	0.030213985983259	0.5616472966144518	0.8883164531933124	0.8998890524419447
293	0.8524452402399104	0.7841575675022519	0.030213985983259	0.5616857437880353	0.8884317947140629	0.899905529802052
294	0.8526649383746732	0.7843443109168003	0.030213985983259	0.561746160775095	0.8885910758617659	0.9000428411362787
295	0.8528956214161741	0.7844376826240745	0.030213985983259	0.5618450249357383	0.8887338796493618	0.9001966298306128
296	0.8531812289913658	0.7846518883054683	0.030213985983259	0.5618944570160599	0.8888711909835886	0.9003284487114704
297	0.8535162686468792	0.7847891996396951	0.030213985983259	0.5619274117362744	0.8889975174110771	0.9003888656985303
298	0.8538348309422853	0.7851571940154228	0.030213985983259	0.5619878287233342	0.8890799042116132	0.9004273128721137
299	0.8540105894500956	0.7853549223367093	0.030213985983259	0.5620207834435486	0.8892831249862688	0.9004822374058045
300	0.85427971966518	0.7855471582046268	0.030213985983259	0.5620427532570248	0.8893984665070194	0.9005481468462333
301	0.8544225234527759	0.7856624997253774	0.030213985983259	0.5621361249642991	0.8894863457609244	0.900608563833293
302	0.8547246083880747	0.7858602280466639	0.030213985983259	0.5621910494979898	0.889530285387877	0.9006579959136147
303	0.8549168442559922	0.7860634488213195	0.030213985983259	0.5622679438451568	0.8896621042687347	0.9007348902607817
304	0.8550816178570644	0.7862776545027133	0.030213985983259	0.5623338532855856	0.8897444910692708	0.9007678449809962
305	0.8552408990047674	0.7864643979172616	0.030213985983259	0.5623448381923237	0.8898433552299141	0.900833754421425
306	0.8554935518597447	0.7865797394380122	0.030213985983259	0.5623997627260144	0.8899092646703429	0.900910648768592
307	0.8557297273546147	0.7867554979458224	0.030213985983259	0.5624711646198124	0.8900355910978316	0.9009820506623899
308	0.8560647670101281	0.7870136432541688	0.030213985983259	0.5625425665136103	0.8900850231781532	0.9010259902893425
309	0.8562789726915219	0.7870795526945976	0.030213985983259	0.5626688929410989	0.8902662741393326	0.901064437462926
310	0.8563393896785816	0.7871729244018718	0.030213985983259	0.5627567721950041	0.8903980930201902	0.9011083770898785
311	0.8564876859195465	0.7874420546169563	0.030213985983259	0.5628007118219567	0.8904640024606191	0.9011797789836764
312	0.8566909066942021	0.7876178131247665	0.030213985983259	0.5628776061691236	0.890689193048751	0.9012401959707362
313	0.8568556802952743	0.7877111848320407	0.030213985983259	0.5629160533427071	0.8907990421161325	0.9013390601313794
314	0.8569820067227629	0.787810048992684	0.030213985983259	0.5629490080629216	0.8908869213700376	0.9013994771184393
315	0.8573115539249072	0.7880572093942922	0.030213985983259	0.5630368873168267	0.8909638157172045	0.9014708790122372
316	0.8575806841399917	0.7882823999824241	0.030213985983259	0.5631137816639936	0.8911066195048004	0.9015093261858207
317	0.8577399652876947	0.788430696223389	0.030213985983259	0.5632016609178988	0.8911835138519674	0.9015752356262495
318	0.8578772766219215	0.7885460377441396	0.030213985983259	0.5632785552650658	0.8912988553727179	0.901613682799833
319	0.8581079596634225	0.7887602434255333	0.030213985983259	0.56337192697234	0.8913702572665158	0.9016466375200475
320	0.8582507634510183	0.7888646000395456	0.030213985983259	0.5634433288661379	0.8914855987872663	0.901685084693631
321	0.8586022804666389	0.7889634642001889	0.030213985983259	0.5634598062262451	0.891611925214755	0.9017619790407979
322	0.8587121295340202	0.7890513434540941	0.030213985983259	0.5634982533998286	0.8916833271085528	0.901838873387965
323	0.8588823955884615	0.7892106246017971	0.030213985983259	0.5635476854801503	0.8917931761759342	0.9018718281081793
324	0.8590471691895336	0.7893039963090713	0.030213985983259	0.5636135949205792	0.8918810554298394	0.9019102752817628
325	0.859233912604082	0.7895127095370961	0.030213985983259	0.5636410571874245	0.8919689346837445	0.9019542149087154
326	0.8594755805523211	0.7896115736977393	0.030213985983259	0.5636904892677461	0.8920238592174352	0.9020146318957752
327	0.8595689522595953	0.7897543774853352	0.030213985983259	0.5637234439879606	0.8921776479117692	0.9020420941626206
328	0.8596678164202386	0.789820286925764	0.030213985983259	0.5637948458817584	0.8922435573521981	0.9021025111496803
329	0.8599699013555375	0.7899356284465144	0.030213985983259	0.5638497704154491	0.8923314366061033	0.9021409583232638
330	0.8601291825032406	0.789979568073467	0.030213985983259	0.5638937100424017	0.892386361139794	0.9021848979502164
331	0.8603543730913724	0.790133356767801	0.030213985983259	0.5639211723092471	0.8924467781268537	0.9022398224839071
332	0.8605191466924446	0.7902706681020278	0.030213985983259	0.5639431421227233	0.8924907177538063	0.9023661489113958
333	0.8606839202935167	0.7904738888766835	0.030213985983259	0.5639706043895687	0.892545642287497	0.9024155809917174
334	0.8607717995474219	0.7905837379440649	0.030213985983259	0.5640529911901048	0.8926390139947712	0.90245952061867
335	0.8609200957883868	0.7906880945580772	0.030213985983259	0.5640804534569501	0.8926554913548784	0.9024869828855153
336	0.8610793769360898	0.7909077926928401	0.030213985983259	0.5640859459103192	0.8927268932486763	0.9025254300590988
337	0.8613704769646505	0.7909407474130544	0.030213985983259	0.5641024232704265	0.8927708328756289	0.9025583847793133
338	0.861480326032032	0.7910451040270668	0.030213985983259	0.5641079157237955	0.892864204582903	0.902613309313004
339	0.8617000241667948	0.7912702946151987	0.030213985983259	0.564146362897379	0.8929685611969155	0.9026407715798492
340	0.8617824109673309	0.7913581738691039	0.030213985983259	0.5642177647911769	0.893012500823868	0.9026682338466946
341	0.861864797767867	0.7914515455763781	0.030213985983259	0.5642562119647604	0.8931168574378804	0.9027616055539689
342	0.8619966166487246	0.7915449172836523	0.030213985983259	0.5643056440450821	0.8931772744249401	0.9027835753674451
343	0.8621998374233802	0.7918415097655821	0.030213985983259	0.5643715534855109	0.8931827668783092	0.9028275149943977
344	0.862414043104774	0.7919952984599161	0.030213985983259	0.5644100006590944	0.8932047366917855	0.9028384999011358
345	0.8624799525452029	0.7920172682733924	0.030213985983259	0.5644319704725707	0.8932816310389525	0.9028824395280884
346	0.8625348770788936	0.7921106399806666	0.030213985983259	0.5644704176461541	0.893320078212536	0.9029208867016719
347	0.8626996506799657	0.7922040116879407	0.030213985983259	0.5645253421798448	0.8933750027462267	0.903008765955577
348	0.8629083639079904	0.7923687852890129	0.030213985983259	0.5645692818067974	0.8934683744535009	0.9030362282224224
349	0.8630951073225388	0.7925390513434541	0.030213985983259	0.56461322143375	0.8935013291737153	0.9030746753960058
350	0.8633093130039325	0.7926379155040973	0.030213985983259	0.5646461761539645	0.8935452688006679	0.9030856603027441
351	0.8634685941516357	0.792687347584419	0.030213985983259	0.564684623327548	0.8936221631478348	0.9031131225695894
352	0.8636059054858625	0.7927862117450623	0.030213985983259	0.5646956082342861	0.89371004240174	0.9031405848364348
353	0.8637487092734583	0.7928301513720148	0.030213985983259	0.5647230705011315	0.8937759518421688	0.903162554649911
354	0.8638915130610542	0.7929290155326582	0.030213985983259	0.5647560252213458	0.8938253839224904	0.9031900169167564
355	0.8639684074082211	0.793000417426456	0.030213985983259	0.5647834874881912	0.893869323549443	0.903239448997078
356	0.8641221961025551	0.7930882966803612	0.030213985983259	0.5648384120218819	0.8939187556297647	0.9032778961706616
357	0.8642155678098293	0.7931212514005757	0.030213985983259	0.5648823516488345	0.8939517103499791	0.9033328207043522
358	0.8643913263176396	0.793231100467957	0.030213985983259	0.5649372761825252	0.8939901575235626	0.9033602829711975
359	0.8646055319990333	0.7933684118021838	0.030213985983259	0.5649812158094778	0.8940231122437771	0.9033877452380429
360	0.8647098886130457	0.7934233363358745	0.030213985983259	0.564997693169585	0.8941054990443131	0.9034042225981501
361	0.8648142452270581	0.7935112155897797	0.030213985983259	0.5650800799701211	0.8941659160313729	0.9034316848649955
362	0.8648471999472724	0.7935551552167323	0.030213985983259	0.5651240195970736	0.8942153481116946	0.9034591471318408
363	0.8649515565612848	0.7936265571105301	0.030213985983259	0.5651350045038117	0.8942483028319089	0.9034756244919481
364	0.8652371641364764	0.7937309137245425	0.030213985983259	0.5651569743172881	0.8943416745391831	0.9034975943054243
365	0.8653689830173342	0.7938901948722455	0.030213985983259	0.5651734516773953	0.8943965990728738	0.9035635037458531
366	0.8655227717116681	0.7939670892194125	0.030213985983259	0.5652173913043478	0.8944515236065645	0.9035909660126985
367	0.8656271283256806	0.7940275062064723	0.030213985983259	0.5652613309313004	0.8944789858734099	0.9036458905463892
368	0.8658248566469671	0.7941922798075445	0.030213985983259	0.5652887931981457	0.8945009556868863	0.9036733528132346
369	0.8659347057143485	0.7942252345277588	0.030213985983259	0.5653162554649911	0.8945448953138387	0.9037557396137706
370	0.8660500472350989	0.794313113781664	0.030213985983259	0.5653656875453127	0.8945778500340532	0.903783201880616
371	0.8661763736625876	0.7944339477557836	0.030213985983259	0.5654151196256344	0.8945833424874223	0.9038106641474614
372	0.8663466397170289	0.7945273194630578	0.030213985983259	0.565459059252587	0.8946272821143748	0.903854603774414
373	0.8664949359579938	0.794620691170332	0.030213985983259	0.5654755366126941	0.8946657292879584	0.9038710811345212
374	0.866670694465804	0.7947580025045587	0.030213985983259	0.5654975064261705	0.8947316387283872	0.90393699057495
375	0.8667091416393875	0.7948403893050948	0.030213985983259	0.5655194762396467	0.8947810708087088	0.904013884922117
376	0.8667805435331855	0.7948678515719402	0.030213985983259	0.5655304611463848	0.8947975481688161	0.9040303622822242
377	0.8668354680668761	0.7949777006393216	0.030213985983259	0.5655744007733374	0.8948414877957687	0.9040578245490696
378	0.8670496737482699	0.7950271327196432	0.030213985983259	0.5656018630401828	0.8948524727025068	0.904090779269284
379	0.8671045982819606	0.7950710723465958	0.030213985983259	0.5656622800272426	0.8948964123294593	0.9041402113496056
380	0.8671265680954369	0.7951205044269174	0.030213985983259	0.565689742294088	0.8949348595030429	0.9041511962563438
381	0.8672419096161874	0.7951864138673462	0.030213985983259	0.5657556517345168	0.8950062613968407	0.9042061207900345
382	0.867368236043676	0.7952303534942988	0.030213985983259	0.5657831140013622	0.8950886481973768	0.904239075510249
383	0.8674341454841048	0.7954006195487401	0.030213985983259	0.5658325460816838	0.8951655425445438	0.904244567963618
384	0.8675000549245336	0.7954610365357998	0.030213985983259	0.5658600083485291	0.8952314519849727	0.9042994924973087
385	0.8675714568183316	0.7955818705099194	0.030213985983259	0.5658929630687436	0.8952479293450799	0.904321462310785
386	0.8676099039919151	0.7956642573104554	0.030213985983259	0.5659094404288507	0.8952753916119253	0.904326954764154
387	0.8677691851396182	0.7957741063778369	0.030213985983259	0.565920425335589	0.8953028538787706	0.9043928642045829
388	0.8678021398598326	0.7958125535514203	0.030213985983259	0.5659478876024343	0.8953797482259376	0.9044093415646901
389	0.8678790342069996	0.7958455082716348	0.030213985983259	0.5659918272293868	0.8954456576663664	0.9044148340180592
390	0.867988883274381	0.7958729705384802	0.030213985983259	0.5660192894962321	0.8954731199332118	0.9044203264714282
391	0.8680493002614408	0.7959278950721709	0.030213985983259	0.5660412593097085	0.895495089746688	0.9044313113781663
392	0.8682140738625129	0.796015774326076	0.030213985983259	0.5660687215765539	0.8955829690005932	0.9044422962849046
393	0.8683404002900016	0.7960652064063977	0.030213985983259	0.5661016762967682	0.8956324010809148	0.9044697585517499
394	0.8683898323703232	0.7961585781136719	0.030213985983259	0.5661236461102446	0.8956433859876529	0.9044917283652262
395	0.8685051738910736	0.7962629347276842	0.030213985983259	0.5661730781905662	0.8956708482544983	0.9045301755388097
396	0.8685930531449788	0.7963672913416965	0.030213985983259	0.5661730781905662	0.8957147878814509	0.9045356679921788
397	0.8687303644792056	0.7964167234220182	0.030213985983259	0.5661785706439353	0.8958026671353561	0.904557637805655
398	0.8687688116527891	0.7964551705956017	0.030213985983259	0.5662060329107805	0.8958136520420942	0.9045796076191314
399	0.868845705999956	0.796488125315816	0.030213985983259	0.566238987630995	0.8958356218555704	0.9046015774326076
400	0.8689280928004921	0.7965046026759233	0.030213985983259	0.5662609574444712	0.8959070237493684	0.904634532152822
401	0.8689885097875519	0.796559527209614	0.030213985983259	0.5662719423512095	0.8959289935628446	0.9046565019662983
402	0.8690599116813498	0.7966144517433047	0.030213985983259	0.5663048970714238	0.8960058879100117	0.9046674868730364
403	0.8690818814948261	0.7966748687303645	0.030213985983259	0.5663488366983764	0.8960058879100117	0.9046674868730364
404	0.8691313135751477	0.796713315903948	0.030213985983259	0.5663817914185909	0.8960772898038095	0.9047004415932509
405	0.8691532833886241	0.7967572555309005	0.030213985983259	0.5663872838719599	0.8961157369773931	0.9047224114067272
406	0.869230177735791	0.7968121800645912	0.030213985983259	0.566398268778698	0.8961486916976075	0.9047553661269416
407	0.8693180569896961	0.7968835819583892	0.030213985983259	0.5664422084056506	0.8961761539644528	0.9048047982072632
408	0.8694004437902322	0.7968945668651273	0.030213985983259	0.5664751631258651	0.8961926313245601	0.9048432453808467
409	0.8694828305907683	0.7970044159325087	0.030213985983259	0.5664861480326032	0.8962365709515127	0.9048871850077993
410	0.8695762022980424	0.797103280093152	0.030213985983259	0.5664971329393413	0.8962585407649889	0.9049256321813828
411	0.8695871872047807	0.7971691895335808	0.030213985983259	0.5664971329393413	0.8962750181250961	0.9049366170881209
412	0.8697629457125909	0.7972350989740097	0.030213985983259	0.5664971329393413	0.8963299426587868	0.9049640793549663
413	0.8698288551530198	0.7973065008678076	0.030213985983259	0.5665245952061867	0.8963574049256322	0.9049915416218116
414	0.8698892721400795	0.7973943801217128	0.030213985983259	0.5665465650196629	0.8964288068194302	0.9050025265285497
415	0.8699661664872466	0.7974273348419272	0.030213985983259	0.5666124744600919	0.8964727464463826	0.9050244963420261
416	0.8700265834743063	0.7975097216424633	0.030213985983259	0.5666399367269372	0.8965276709800734	0.9050244963420261
417	0.8700924929147351	0.797564646176154	0.030213985983259	0.5666783839005207	0.8965551332469187	0.9050409737021333
418	0.8701858646220093	0.7976580178834282	0.030213985983259	0.5667058461673661	0.8966100577806094	0.9050684359689786
419	0.8702737438759145	0.7976690027901663	0.030213985983259	0.5667113386207351	0.8966155502339785	0.9050739284223477
420	0.8702847287826526	0.7976909726036426	0.030213985983259	0.5667278159808423	0.8966594898609311	0.9050958982358239
421	0.870306698596129	0.7977458971373333	0.030213985983259	0.5667333084342114	0.8966759672210383	0.9051233605026693
422	0.8704165476635103	0.7978063141243931	0.030213985983259	0.5667497857943186	0.8966924445811455	0.9051453303161456
423	0.8705154118241536	0.7978667311114529	0.030213985983259	0.5667662631544258	0.896730891754729	0.905172792582991
424	0.8706746929718566	0.7979106707384054	0.030213985983259	0.566782740514533	0.8967748313816816	0.905172792582991
425	0.8707515873190237	0.7979655952720961	0.030213985983259	0.5668047103280093	0.8967968011951578	0.9051892699430982
426	0.8708394665729288	0.798031504712525	0.030213985983259	0.5668431575015929	0.8968297559153723	0.9052002548498363
427	0.8709163609200958	0.7981633235933827	0.030213985983259	0.5668870971285453	0.8968627106355868	0.9052277171166817
428	0.8710042401740009	0.7981907858602281	0.030213985983259	0.5668980820352835	0.896890172902432	0.9052387020234198
429	0.8710976118812751	0.7982457103939188	0.030213985983259	0.5669090669420217	0.8969396049827537	0.9052441944767889
430	0.8711470439615968	0.7983610519146692	0.030213985983259	0.5669090669420217	0.8969670672495991	0.9052991190104795
431	0.8711745062284422	0.7984434387152053	0.030213985983259	0.5669090669420217	0.8970000219698134	0.9053210888239559
432	0.871240415668871	0.7984763934354198	0.030213985983259	0.5669420216622361	0.8970164993299207	0.905332073730694
433	0.8712733703890854	0.7985368104224795	0.030213985983259	0.5669804688358195	0.8970329766900279	0.9053430586374321
434	0.8713612496429906	0.798569765142694	0.030213985983259	0.5670189160094031	0.8970604389568733	0.9053430586374321
435	0.8714985609772173	0.7986411670364919	0.030213985983259	0.5670244084627721	0.8970879012237186	0.9053650284509085
436	0.8715205307906936	0.7987345387437661	0.030213985983259	0.5670518707296175	0.8971373333040402	0.9053760133576466
437	0.8715425006041698	0.7987345387437661	0.030213985983259	0.5670738405430938	0.8971428257574093	0.9053815058110156
438	0.8715644704176462	0.7987784783707186	0.030213985983259	0.5671287650767844	0.8971867653843619	0.905403475624492
439	0.8716248874047059	0.7987784783707186	0.030213985983259	0.5671397499835227	0.8972197201045763	0.905408968077861
440	0.8716743194850276	0.7988004481841949	0.030213985983259	0.5671507348902608	0.8972361974646835	0.9054419227980754
441	0.8716962892985038	0.7988993123448382	0.030213985983259	0.5671617197969989	0.897274644638267	0.9054638926115517
442	0.8717347364720873	0.7988993123448382	0.030213985983259	0.5671891820638443	0.8973185842652196	0.9054968473317662
443	0.8717512138321946	0.7989377595184217	0.030213985983259	0.5671891820638443	0.8973185842652196	0.9055133246918734
444	0.8717786760990399	0.7990146538655887	0.030213985983259	0.5672056594239515	0.8973240767185887	0.9055133246918734
445	0.8718006459125162	0.799042116132434	0.030213985983259	0.5672386141441659	0.8973405540786958	0.9055407869587188
446	0.8718226157259925	0.7990695783992794	0.030213985983259	0.5672715688643803	0.8973680163455412	0.9055517718654569
447	0.8718830327130522	0.7991574576531846	0.030213985983259	0.5672770613177495	0.8974174484258629	0.9055517718654569
448	0.8719104949798976	0.7992178746402443	0.030213985983259	0.5672825537711185	0.8974394182393391	0.9056176813058857
449	0.8719544346068502	0.7992398444537205	0.030213985983259	0.5672990311312257	0.8974449106927083	0.9056176813058857
450	0.8719873893270647	0.799272799173935	0.030213985983259	0.5673155084913329	0.8975163125865061	0.9056231737592548
451	0.8719873893270647	0.799272799173935	0.030213985983259	0.5673155084913329	0.8975163125865061	0.9056231737592548
452	0.8719873893270647	0.799272799173935	0.030213985983259	0.5673155084913329	0.8975163125865061	0.9056231737592548
453	0.8719873893270647	0.799272799173935	0.030213985983259	0.5673155084913329	0.8975163125865061	0.9056231737592548
454	0.8719873893270647	0.799272799173935	0.030213985983259	0.5673155084913329	0.8975163125865061	0.9056231737592548
455	0.8719873893270647	0.799272799173935	0.030213985983259	0.5673155084913329	0.8975163125865061	0.9056231737592548
456	0.8719873893270647	0.799272799173935	0.030213985983259	0.5673155084913329	0.8975163125865061	0.9056231737592548
457	0.8719873893270647	0.799272799173935	0.030213985983259	0.5673155084913329	0.8975163125865061	0.9056231737592548
458	0.8719873893270647	0.799272799173935	0.030213985983259	0.5673155084913329	0.8975163125865061	0.9056231737592548
459	0.8719873893270647	0.799272799173935	0.030213985983259	0.5673155084913329	0.8975163125865061	0.9056231737592548
460	0.8719873893270647	0.799272799173935	0.030213985983259	0.5673155084913329	0.8975163125865061	0.9056231737592548
461	0.8719873893270647	0.799272799173935	0.030213985983259	0.5673155084913329	0.8975163125865061	0.9056231737592548
462	0.8719873893270647	0.799272799173935	0.030213985983259	0.5673155084913329	0.8975163125865061	0.9056231737592548
463	0.8719873893270647	0.799272799173935	0.030213985983259	0.5673155084913329	0.8975163125865061	0.9056231737592548
464	0.8719873893270647	0.799272799173935	0.030213985983259	0.5673155084913329	0.8975163125865061	0.9056231737592548
465	0.8719873893270647	0.799272799173935	0.030213985983259	0.5673155084913329	0.8975163125865061	0.9056231737592548
466	0.8719873893270647	0.799272799173935	0.030213985983259	0.5673155084913329	0.8975163125865061	0.9056231737592548
467	0.8719873893270647	0.799272799173935	0.030213985983259	0.5673155084913329	0.8975163125865061	0.9056231737592548
468	0.8719873893270647	0.799272799173935	0.030213985983259	0.5673155084913329	0.8975163125865061	0.9056231737592548
469	0.8719873893270647	0.799272799173935	0.030213985983259	0.5673155084913329	0.8975163125865061	0.9056231737592548
470	0.8719873893270647	0.799272799173935	0.030213985983259	0.5673155084913329	0.8975163125865061	0.9056231737592548
471	0.8719873893270647	0.799272799173935	0.030213985983259	0.5673155084913329	0.8975163125865061	0.9056231737592548
472	0.8719873893270647	0.799272799173935	0.030213985983259	0.5673155084913329	0.8975163125865061	0.9056231737592548
473	0.8719873893270647	0.799272799173935	0.030213985983259	0.5673155084913329	0.8975163125865061	0.9056231737592548
474	0.8719873893270647	0.799272799173935	0.030213985983259	0.5673155084913329	0.8975163125865061	0.9056231737592548
475	0.8719873893270647	0.799272799173935	0.030213985983259	0.5673155084913329	0.8975163125865061	0.9056231737592548
476	0.8719873893270647	0.799272799173935	0.030213985983259	0.5673155084913329	0.8975163125865061	0.9056231737592548
477	0.8719873893270647	0.799272799173935	0.030213985983259	0.5673155084913329	0.8975163125865061	0.9056231737592548
478	0.8719873893270647	0.799272799173935	0.030213985983259	0.5673155084913329	0.8975163125865061	0.9056231737592548
479	0.8719873893270647	0.799272799173935	0.030213985983259	0.5673155084913329	0.8975163125865061	0.9056231737592548
480	0.8719873893270647	0.799272799173935	0.030213985983259	0.5673155084913329	0.8975163125865061	0.9056231737592548
481	0.8719873893270647	0.799272799173935	0.030213985983259	0.5673155084913329	0.8975163125865061	0.9056231737592548
482	0.8719873893270647	0.799272799173935	0.030213985983259	0.5673155084913329	0.8975163125865061	0.9056231737592548
483	0.8719873893270647	0.799272799173935	0.030213985983259	0.5673155084913329	0.8975163125865061	0.9056231737592548
484	0.8719873893270647	0.799272799173935	0.030213985983259	0.5673155084913329	0.8975163125865061	0.9056231737592548
485	0.8719873893270647	0.799272799173935	0.030213985983259	0.5673155084913329	0.8975163125865061	0.9056231737592548
486	0.8719873893270647	0.799272799173935	0.030213985983259	0.5673155084913329	0.8975163125865061	0.9056231737592548
487	0.8719873893270647	0.799272799173935	0.030213985983259	0.5673155084913329	0.8975163125865061	0.9056231737592548
488	0.8719873893270647	0.799272799173935	0.030213985983259	0.5673155084913329	0.8975163125865061	0.9056231737592548
489	0.8719873893270647	0.799272799173935	0.030213985983259	0.5673155084913329	0.8975163125865061	0.9056231737592548
490	0.8719873893270647	0.799272799173935	0.030213985983259	0.5673155084913329	0.8975163125865061	0.9056231737592548
491	0.8719873893270647	0.799272799173935	0.030213985983259	0.5673155084913329	0.8975163125865061	0.9056231737592548
492	0.8719873893270647	0.799272799173935	0.030213985983259	0.5673155084913329	0.8975163125865061	0.9056231737592548
493	0.8719873893270647	0.799272799173935	0.030213985983259	0.5673155084913329	0.8975163125865061	0.9056231737592548
494	0.8719873893270647	0.799272799173935	0.030213985983259	0.5673155084913329	0.8975163125865061	0.9056231737592548
495	0.8719873893270647	0.799272799173935	0.030213985983259	0.5673155084913329	0.8975163125865061	0.9056231737592548
496	0.8719873893270647	0.799272799173935	0.030213985983259	0.5673155084913329	0.8975163125865061	0.9056231737592548
497	0.8719873893270647	0.799272799173935	0.030213985983259	0.5673155084913329	0.8975163125865061	0.9056231737592548
498	0.8719873893270647	0.799272799173935	0.030213985983259	0.5673155084913329	0.8975163125865061	0.9056231737592548
499	0.8719873893270647	0.799272799173935	0.030213985983259	0.5673155084913329	0.8975163125865061	0.9056231737592548
500	0.8719873893270647	0.799272799173935	0.030213985983259	0.5673155084913329	0.8975163125865061	0.9056231737592548
