Iteration	bike	car	freight	pt	ride	walk
0	0.0	0.0	0.0	0.0	0.0	0.0
1	0.0	0.0	0.0	0.0	0.0	0.0
2	0.0	0.0	0.0	0.0	0.0	0.0
3	0.0	0.0	0.0	0.0	0.0	0.0
4	0.11435287914405606	0.1999912120746095	0.030213985983259	0.15724893995649977	0.047377902761605556	0.22103280093152008
5	0.12786980688533955	0.2130907133598436	0.030213985983259	0.1771535909660127	0.05717643957202803	0.23651053452556187
6	0.13872289474262364	0.22205988971153634	0.030213985983259	0.1896873695542325	0.06638728387195993	0.24812158094777775
7	0.14769756354768548	0.2294087923193532	0.030213985983259	0.1984368477711624	0.07471384317947141	0.2576454950897467
8	0.15611749456247118	0.23524727025067557	0.030213985983259	0.20571434848518136	0.08267240811125513	0.26626315442581894
9	0.1640156425071951	0.2396796801195158	0.030213985983259	0.21202517740624383	0.09067491266999143	0.27431509106487684
10	0.17074389788430697	0.24370015598567568	0.030213985983259	0.218160247819496	0.09808972471823714	0.2810213766285124
11	0.17701627963178593	0.24788540545290771	0.030213985983259	0.22391084649691323	0.10559790847375705	0.28747500933717074
12	0.18277237076257222	0.25102159632664717	0.030213985983259	0.2286343563943142	0.11283146956082343	0.2934178438825054
13	0.18748489575323504	0.254108355120065	0.030213985983259	0.23328646439791725	0.12018037216864029	0.2994210954148999
14	0.19227980754443394	0.25669530065689744	0.030213985983259	0.23749368367862556	0.12726563701474175	0.30417756003251534
15	0.19693740800140608	0.2590735329657051	0.030213985983259	0.24123953687633193	0.13365885273634026	0.3085056132873432
16	0.20150712920447306	0.26084210295054594	0.030213985983259	0.24519410330206295	0.13926115517279258	0.3129215457960762
17	0.20601643342048026	0.2630280993914362	0.030213985983259	0.24862688665773228	0.14519300481138916	0.3170683480897247
18	0.20977327152492475	0.2646099259617286	0.030213985983259	0.2517356152646264	0.15080079970121055	0.3208251861941692
19	0.21411780213985984	0.26611485818485403	0.030213985983259	0.25467407781707935	0.15634817760397215	0.3238405430937891
20	0.21799547421842388	0.2673451677395259	0.030213985983259	0.2576949271700683	0.16173627435903068	0.32700968868774305
21	0.22182920667003536	0.26845464332007823	0.030213985983259	0.26048509348155635	0.16644330689632444	0.33000307577388666
22	0.22562998440143242	0.26964101324779755	0.030213985983259	0.26307753147175783	0.1715457960761913	0.33263945339104073
23	0.22926598853175736	0.2705692378671705	0.030213985983259	0.26601050157084166	0.1763407078673902	0.3351000725003845
24	0.23248456620603292	0.27143155304611466	0.030213985983259	0.2683228244392205	0.18082254981655205	0.33751675198277564
25	0.23556034009271262	0.2722114814245227	0.030213985983259	0.2707340114682426	0.18533734648592834	0.3401091899729771
26	0.23859217435243973	0.27294197772260914	0.030213985983259	0.27284311356196583	0.18942922424588615	0.3420645033723664
27	0.24164048597227408	0.27355713249994507	0.030213985983259	0.2752323307775117	0.19314212272337808	0.3440967111189226
28	0.244655842871894	0.2744304325856273	0.030213985983259	0.277423819671771	0.19716259858953797	0.3463980490805633
29	0.24740756200979855	0.27502911000285607	0.030213985983259	0.27959883120592305	0.20079311026649382	0.3483423775732144
30	0.2503625019223587	0.275561877979656	0.030213985983259	0.2814662653514072	0.20401718039413846	0.35022079662543665
31	0.25286156820528594	0.2761660478502537	0.030213985983259	0.2834600259243799	0.20696113539996044	0.3519619043434321
32	0.2550805193663906	0.27684711206801854	0.030213985983259	0.28522310345585167	0.21026759232814113	0.35356570072720084
33	0.2573159478876024	0.2774952215655689	0.030213985983259	0.2870575828811213	0.21337632093503525	0.3551804820177077
34	0.25985895379748225	0.2779126480216183	0.030213985983259	0.28862842454467563	0.21640266274139333	0.3566304897071424
35	0.26225915591976623	0.27831908957092955	0.030213985983259	0.29046839642331435	0.2193685875606916	0.3581573917437441
36	0.2642034844124173	0.2789122745347892	0.030213985983259	0.29218753432783356	0.2222960652064064	0.3596458466067623
37	0.26633455631961683	0.2793406858975767	0.030213985983259	0.29377485335149506	0.22502032207746556	0.3610079750422919
38	0.26824043763868444	0.27979106707384055	0.030213985983259	0.2953896346420019	0.22785992046927522	0.36246896763846476
39	0.2702836302919788	0.2801645539029374	0.030213985983259	0.2966913460904717	0.23091372454247863	0.36411121119581696
40	0.27244765691939277	0.28062591998593933	0.030213985983259	0.29806995188610846	0.23353362479952544	0.36555023397851355
41	0.2742327042643408	0.2811971351363227	0.030213985983259	0.299503482215436	0.23588988729485685	0.36707164356174615
42	0.27572665158072807	0.2816585012193247	0.030213985983259	0.30101939934529953	0.23840543093789135	0.36852165125118086
43	0.277423819671771	0.2820594503152668	0.030213985983259	0.302370542874091	0.24067381417931763	0.36994419667377026
44	0.2788518575477294	0.28252081639826876	0.030213985983259	0.3037601335764659	0.24322780499593558	0.37137772700309774
45	0.2802304633433662	0.2829107805874728	0.030213985983259	0.30513324691873367	0.24538084671661137	0.37273436298525825
46	0.2817244106597535	0.28329525232330777	0.030213985983259	0.30635806402003646	0.2477151393984665	0.3739756574466683
47	0.28330623723004594	0.2835863523518685	0.030213985983259	0.3074620471472197	0.25004943208032165	0.37524441417492366
48	0.28492651097392185	0.2838774523804293	0.030213985983259	0.3087527736889514	0.25181800206516247	0.3767603313047872
49	0.2864643979172617	0.2842509392095261	0.030213985983259	0.30997759079025416	0.2539820286925764	0.37805655029988794
50	0.2880462244875541	0.2846848430256827	0.030213985983259	0.3111584682646044	0.2560142364391326	0.37939121646857216
51	0.2893424434826548	0.285014390227827	0.030213985983259	0.312289913658633	0.25833754421424965	0.38074785245073267
52	0.2905507832238504	0.28555814311136496	0.030213985983259	0.3134048816925544	0.2605949425489378	0.38196168464529734
53	0.2917810927785223	0.28595909220730714	0.030213985983259	0.3144319704725707	0.2625337785882198	0.3831645319331239
54	0.29317068348089725	0.28628863940945143	0.030213985983259	0.31555243095986113	0.26465386558868115	0.3845760924489751
55	0.29446141002262893	0.2866840960520245	0.030213985983259	0.3167662631544258	0.266576224267856	0.38581738691038514
56	0.29552694597622864	0.2870575828811213	0.030213985983259	0.3179746028956214	0.26870729617505545	0.3871355757189621
57	0.2968396423314366	0.28741459235011096	0.030213985983259	0.3190950633829119	0.27050882088011075	0.38864600039545666
58	0.29796559527209615	0.2877331546455171	0.030213985983259	0.32013862952303535	0.27260144561372673	0.39005206845793877
59	0.2990311312256959	0.2879858075004943	0.030213985983259	0.32122064283674234	0.2746940703473428	0.3913922270799921
60	0.3000746973658194	0.28835380187622206	0.030213985983259	0.3223960278577235	0.2767372630006371	0.392776325328998
61	0.3011567106795263	0.288815167959224	0.030213985983259	0.32323088076982226	0.27856075751916864	0.3938858009095503
62	0.3023101258870312	0.28922160950853526	0.030213985983259	0.32415910538919523	0.2804007293978074	0.3952644067051871
63	0.3036667618691917	0.2897983171122877	0.030213985983259	0.3251697168091043	0.28205395786189774	0.396730891754729
64	0.30464441856888635	0.2901992662082299	0.030213985983259	0.3261363886020608	0.28375112595294066	0.39825230133796163
65	0.3056715073489026	0.29069358701144626	0.030213985983259	0.32712503020849354	0.28546477140409077	0.3999769316958499
66	0.30666564140870445	0.29109453610738845	0.030213985983259	0.32806423973460463	0.2872388338423007	0.4014763714656063
67	0.307560911307863	0.29157237955049764	0.030213985983259	0.32916822286178793	0.2889634642001889	0.4029703187819935
68	0.3086923567018916	0.29197332864643977	0.030213985983259	0.33000307577388666	0.2909737021332689	0.4044203264714283
69	0.30971395302853877	0.2923468154755366	0.030213985983259	0.331035657007272	0.2928685985455983	0.40594722850802994
70	0.31049937386031595	0.2928246589186458	0.030213985983259	0.3320572533339192	0.29473603269108245	0.4074906079047389
71	0.31158687962739195	0.293384889162291	0.030213985983259	0.33306237230045915	0.29666388382362635	0.408814289166685
72	0.3125755212338247	0.2936540193773755	0.030213985983259	0.3340400290001538	0.2985587802359558	0.4104016081903465
73	0.31349276094645956	0.29409890810027023	0.030213985983259	0.33510556495375354	0.3000966671792957	0.41191203286684097
74	0.3144264780192016	0.294626183623701	0.030213985983259	0.33607223674671	0.3018981918843509	0.4135103367972406
75	0.31531076301162203	0.29498319309269067	0.030213985983259	0.33708834061998816	0.3035569128018103	0.41508667091416396
76	0.31593690269569613	0.29541709690884727	0.030213985983259	0.3381154294000044	0.3053694224136037	0.41672342201814705
77	0.31684864995496187	0.29601577432607595	0.030213985983259	0.3390766087395918	0.30711602258496823	0.41821736933453435
78	0.3177494123074895	0.29651558758266144	0.030213985983259	0.33999384845222663	0.30906035107761937	0.419892567612101
79	0.31862820484654086	0.29704286310609224	0.030213985983259	0.34112529384625523	0.31070808708834063	0.42163367533009644
80	0.31943010303842523	0.2975207065492014	0.030213985983259	0.34191071467803236	0.3122569589384186	0.4232923962475559
81	0.32025397104378583	0.2980150273524178	0.030213985983259	0.34283344684403627	0.3137124590812224	0.4246380473229782
82	0.3209020805413362	0.2984599160753125	0.030213985983259	0.343662807302766	0.31538765735878904	0.4262033965331634
83	0.3218632598809236	0.29902014631895774	0.030213985983259	0.3446459564558297	0.3170738405430938	0.42764241931586
84	0.32255530900542656	0.2996188237361865	0.030213985983259	0.34559615088867895	0.3188259331678274	0.42927917041984315
85	0.3232583430366676	0.30030538040732035	0.030213985983259	0.34644198870751586	0.3203583276577982	0.4308500120833974
86	0.3237966034668366	0.3008271634773821	0.030213985983259	0.3474306303139486	0.32185776742755456	0.4325142254542259
87	0.3244886525913395	0.30123360502669333	0.030213985983259	0.3483313926664763	0.3235000109849067	0.4338488916229101
88	0.3251697168091043	0.3017828503636004	0.030213985983259	0.34916075312520595	0.32543884702418874	0.435699848408287
89	0.32583430366676186	0.30249137684821054	0.030213985983259	0.3501384098249006	0.3270481358613265	0.4372706900718413
90	0.3266362018586462	0.30301315991827227	0.030213985983259	0.3510062174572138	0.328635454884988	0.4386218336006327
91	0.3272458641826131	0.3036722543225608	0.030213985983259	0.35196739679680117	0.3303381154294	0.4404947601994859
92	0.3279049585869016	0.3040896807786102	0.030213985983259	0.3527802798954237	0.3321286552277171	0.44203264714282575
93	0.3285805303512973	0.3046554034756245	0.030213985983259	0.3537579365951183	0.33383680822549816	0.4436144737131182
94	0.32936595118307443	0.3051277544653646	0.030213985983259	0.35453786497352635	0.3357536744513039	0.44551486257881673
95	0.33000856822725577	0.3057264318825933	0.030213985983259	0.35528483863172	0.3373245161148582	0.44703077970868027
96	0.33078849660566384	0.30634707911329834	0.030213985983259	0.35614715381066414	0.33884043324472174	0.44870048553287784
97	0.33166728914471516	0.3068963244502054	0.030213985983259	0.3570259463497155	0.34035635037458534	0.45019443284926514
98	0.33240327789617063	0.3074235999736362	0.030213985983259	0.3578882615286596	0.34210295054594986	0.4515565612847947
99	0.3330404024869829	0.30817057363182987	0.030213985983259	0.3587011446272821	0.34374519410330207	0.45328668409605205
100	0.3338313157721291	0.30871981896873696	0.030213985983259	0.3595085352725355	0.34533251312696356	0.45479161631917747
101	0.3345673045235846	0.3092416020387987	0.030213985983259	0.3601731221301931	0.34712854537864973	0.4562526089153503
102	0.33535272535536176	0.3096919832150625	0.030213985983259	0.3611013467495661	0.34897400971065756	0.45790583737944063
103	0.3362644726146275	0.31023024364523144	0.030213985983259	0.3618757826746051	0.3506601928949623	0.45963596019069797
104	0.3369400443790232	0.3106366851945427	0.030213985983259	0.36280949974734716	0.35248368741349384	0.4612727112946811
105	0.33775292747764574	0.31125183997187866	0.030213985983259	0.3636059054858624	0.3541314234242151	0.46300283410593845
106	0.3384779313223631	0.311669266427928	0.030213985983259	0.36426499989015093	0.3560977217303425	0.4647823889975174
107	0.3390711162862227	0.31207570797723927	0.030213985983259	0.3652316716831074	0.35795966342245755	0.4663642155678098
108	0.3396807786101896	0.3126194608607773	0.030213985983259	0.36618186611595666	0.35981062020783444	0.4678636553375662
109	0.34038930509479975	0.31325109299822046	0.030213985983259	0.3670222114814245	0.36156820528593714	0.4695937781488235
110	0.3409660126985522	0.3138442779620801	0.030213985983259	0.3679449436474284	0.36326537337698	0.4711975745325922
111	0.3416800316365314	0.3144264780192016	0.030213985983259	0.36880725882637255	0.36514379242920225	0.4728233407298372
112	0.3424160203879869	0.31508007997012105	0.030213985983259	0.36943339851044665	0.36696728694773384	0.4746358503416306
113	0.34316299404618056	0.3156567875738735	0.030213985983259	0.37020783443548566	0.36878528901289626	0.4762231693652921
114	0.34391546015774327	0.3161511083770899	0.030213985983259	0.37082848166619065	0.3708779137465123	0.47782147329569175
115	0.3445855394687699	0.3168102027813784	0.030213985983259	0.3715754553243843	0.3726849309049366	0.47943625458619854
116	0.3450963376320935	0.3174308500120834	0.030213985983259	0.37226750444888723	0.3745413801436826	0.4811279302238724
117	0.3456455829690006	0.3180789595096338	0.030213985983259	0.37299800074697365	0.37641430674253573	0.48278115868796273
118	0.34650789814794475	0.3187490388206604	0.030213985983259	0.37382736120570337	0.37821033899422196	0.4842805984577191
119	0.3472823340729837	0.319259836983984	0.030213985983259	0.3746017971307424	0.38006129577959885	0.4858679174813806
120	0.3481171869850825	0.3200397653623921	0.030213985983259	0.37532680097545973	0.3819287299250829	0.4876694421864358
121	0.34897400971065756	0.3207592767537404	0.030213985983259	0.37623854823472547	0.38348858668189906	0.489311685743788
122	0.34975393808906563	0.3213579541709691	0.030213985983259	0.3769635520794428	0.3852296943998945	0.49090998967418764
123	0.3504954192938902	0.322126897642639	0.030213985983259	0.3777984049915416	0.3870916360920096	0.4926620822989213
124	0.351176483511655	0.32287936375420173	0.030213985983259	0.3784794692093064	0.38887668343695764	0.49421644660236835
125	0.35180811564909814	0.32358789023881185	0.030213985983259	0.37931981457477426	0.39072214776896547	0.4959026297866731
126	0.3525331194938155	0.32412065821561176	0.030213985983259	0.3800228486060153	0.3922820045257816	0.497522903530549
127	0.353192213898104	0.32463694883230443	0.030213985983259	0.380846716611376	0.3941274688577894	0.49899488103346
128	0.3538458158490234	0.3252685809697476	0.030213985983259	0.3816541072566294	0.3958575916690467	0.5005547377902761
129	0.3543840762791924	0.3259057055605598	0.030213985983259	0.3824450205417756	0.397812905068436	0.5021530417206758
130	0.3550102159632665	0.3265153678845267	0.030213985983259	0.38317002438649295	0.39946064107915724	0.5036140343168487
131	0.35589450095568687	0.32706461322143376	0.030213985983259	0.3838950282312103	0.40130610541116507	0.5051683986202957
132	0.35648768591954655	0.327624843465079	0.030213985983259	0.3846365094360349	0.40302524331568423	0.5066074214029923
133	0.3570534086165608	0.3282290133356768	0.030213985983259	0.38537249818749036	0.4046400246061911	0.5081892479732847
134	0.35786079926181424	0.32891557000681065	0.030213985983259	0.3859546982446119	0.40623283608322164	0.5096996726497792
135	0.35830019553133996	0.3296625436650043	0.030213985983259	0.38669617944943646	0.40804534569501505	0.5111002482588923
136	0.35905815409627173	0.33017334182832786	0.030213985983259	0.3874651229211064	0.4096820967989982	0.5126546125623394
137	0.3596128918865479	0.3307170947118659	0.030213985983259	0.3881406946855021	0.4113518026231957	0.5140881428916668
138	0.36039282026495595	0.3314146362897379	0.030213985983259	0.38885471362348134	0.4128567348463211	0.5155656128479469
139	0.3611068392029352	0.33213964013445524	0.030213985983259	0.3896511193619966	0.4146417821912692	0.5171913790451919
140	0.3617604411538546	0.3327822571786366	0.030213985983259	0.39028824395280887	0.41644879934969353	0.5186908188149483
141	0.3625019223586792	0.33349627611661575	0.030213985983259	0.3912109761188127	0.418189907067689	0.5201298415976449
142	0.3631500318562295	0.33406749126699914	0.030213985983259	0.39191401015005384	0.4197991959048268	0.5216842059010919
143	0.36377067908693456	0.33495726871278864	0.030213985983259	0.3926170441812949	0.4216281828767274	0.523315464551706
144	0.36429795461036535	0.3353966649823143	0.030213985983259	0.3933914801063339	0.42323747171386517	0.524792934507986
145	0.36488564712085597	0.33611068392029353	0.030213985983259	0.3941274688577894	0.4249071775380627	0.5261111233165631
146	0.3657040226728475	0.3368082254981655	0.030213985983259	0.39474262363512536	0.42646154184150975	0.5275666234593668
147	0.36636311707713604	0.3373794406485489	0.030213985983259	0.3953687633191994	0.4280763231320166	0.5290056462420634
148	0.3671540303622822	0.3380330425994683	0.030213985983259	0.3961212294307621	0.42955379308829666	0.5304556539314981
149	0.36776918513961815	0.33878001625766196	0.030213985983259	0.39676384647494345	0.4311740668321726	0.5319001691675638
150	0.36835687765010877	0.3393567238614144	0.030213985983259	0.39746138805281545	0.432909682096799	0.533383131577213
151	0.3689885097875519	0.33987850693147614	0.030213985983259	0.3981040050969967	0.43467825208163985	0.534860601533493
152	0.36962563437836415	0.3406035107761935	0.030213985983259	0.3988509787551904	0.4362106465716106	0.5364369356504163
153	0.370312191049498	0.3411472636597315	0.030213985983259	0.39957598259990773	0.4377540259683195	0.5377880791792078
154	0.37116901377507305	0.3419162071314015	0.030213985983259	0.4002625392710416	0.4394237317925171	0.5392106246017971
155	0.37181163081925434	0.3427949996704528	0.030213985983259	0.4008227695146868	0.44089021684205904	0.5408638530658875
156	0.3723608761561614	0.34366829975613505	0.030213985983259	0.4016026978930949	0.4424281037853989	0.5422809060351078
157	0.37298152338686646	0.3443987960542215	0.030213985983259	0.40237164136476483	0.4437737548608212	0.543544170309994
158	0.37363512533778587	0.34499198101808115	0.030213985983259	0.40313509238306566	0.44524023991036316	0.5449008062921545
159	0.3743875914493486	0.34561812070215525	0.030213985983259	0.4036788452666037	0.4467451721334886	0.546257442274315
160	0.3750576707603752	0.3462332754794912	0.030213985983259	0.4043379396708922	0.44858514401212735	0.5475261990025705
161	0.3758980161258431	0.34694180196410135	0.030213985983259	0.4050464661555023	0.45026034228969397	0.5487400311971351
162	0.37660105015708417	0.34761737372849705	0.030213985983259	0.4057220379198981	0.4519739877408441	0.5501845464332008
163	0.37727662192147987	0.34829843794626186	0.030213985983259	0.4063536700573412	0.4536382011116726	0.5517773579102313
164	0.37790825405892303	0.3489081002702287	0.030213985983259	0.40708416635542766	0.454989344640464	0.5533866467473691
165	0.3787266296109146	0.3496221192082079	0.030213985983259	0.4075839796120131	0.45676889953204297	0.5549025638772327
166	0.3795944372432278	0.3500230683041501	0.030213985983259	0.40817167212250366	0.4581969374080014	0.5562042753257025
167	0.3802864863677307	0.3507041325219149	0.030213985983259	0.4087154250060417	0.459872135685568	0.5574730320539578
168	0.3810883845596151	0.35129182503240547	0.030213985983259	0.40932508733000855	0.46145396225586044	0.5589779642770832
169	0.38164861480326034	0.3519069798097414	0.030213985983259	0.4099567194674517	0.4629204473054024	0.560351077619351
170	0.3823132016609179	0.352648461014566	0.030213985983259	0.41046202517740626	0.4642660983808247	0.5616912362414043
171	0.38285146209108684	0.3532086912582112	0.030213985983259	0.4112035063822308	0.46566667398993783	0.5630149175033504
172	0.3834611244150537	0.35385130830239253	0.030213985983259	0.41192851022694815	0.4672539930135993	0.5643331063119275
173	0.3842740075136762	0.3542577498517038	0.030213985983259	0.4124942329239625	0.4688083573170464	0.5656677724806116
174	0.3850264736252389	0.35497176878968295	0.030213985983259	0.4132466990355252	0.47037919898060065	0.5670353933695103
175	0.3858338642704923	0.3554935518597447	0.030213985983259	0.41382340663927764	0.4717687896829756	0.5684414614319925
176	0.38652591339499526	0.3561416613572951	0.030213985983259	0.4142847727222796	0.473114440758398	0.5698585144012127
177	0.38715205307906936	0.35660302744029704	0.030213985983259	0.4148889425928774	0.474586418261309	0.5712316277434805
178	0.3877287606828218	0.35724015203110926	0.030213985983259	0.41546565019662984	0.4760364259507437	0.5725443240986884
179	0.3884812267943845	0.35784432190170706	0.030213985983259	0.41608629742733483	0.4775413581738691	0.573906452534218
180	0.38936001933343584	0.3584429993189358	0.030213985983259	0.41659709559065844	0.47913416965089967	0.5750378979282466
181	0.3898653250433904	0.35922842015071293	0.030213985983259	0.4172067579146253	0.4804523584594767	0.5762517301228113
182	0.3906287760616912	0.359854559834787	0.030213985983259	0.41778346551837775	0.4819408133224949	0.577624843465079
183	0.39121646857218184	0.36041479007843225	0.030213985983259	0.4182997561350704	0.4834677153590966	0.5789814794472395
184	0.391930487510161	0.3611947184568403	0.030213985983259	0.41909616187358567	0.4847474569940901	0.5803326229760309
185	0.3926060592745568	0.3619856317419865	0.030213985983259	0.4194916185161588	0.48596678164202384	0.5817112287716677
186	0.393402465013072	0.36258430915921525	0.030213985983259	0.4200573412131731	0.48736735725113695	0.5828261968055891
187	0.39409451413757496	0.36329283564382536	0.030213985983259	0.42048026012259154	0.48861414416591603	0.5840839686271063
188	0.3948414877957686	0.363880528154316	0.030213985983259	0.42098007337917703	0.49015752356262493	0.5853087857284092
189	0.3955500142803788	0.3643583715974251	0.030213985983259	0.42149636399586965	0.49163499351890505	0.5864951556561285
190	0.3962365709515126	0.36495704901465387	0.030213985983259	0.4219796998923479	0.49298613704769645	0.5877254652108004
191	0.3973295691719577	0.3654568622712393	0.030213985983259	0.42247951314893334	0.494496561724191	0.5889612672188413
192	0.39799964848298436	0.36605553968846805	0.030213985983259	0.4231111452863765	0.4959575543203638	0.5900872201595009
193	0.39864775798053476	0.36663773974558955	0.030213985983259	0.42345716984862797	0.49734714502273875	0.5914328712349232
194	0.3992629127578707	0.36732429641672343	0.030213985983259	0.4240393699057495	0.49878067535206627	0.5925588241755827
195	0.39997143924248085	0.3679339587406903	0.030213985983259	0.4245666454291803	0.49989015093261857	0.5936792846628732
196	0.40061405628666213	0.3685161587978118	0.030213985983259	0.42511039831271835	0.5010710284069688	0.5947008809895205
197	0.4012347035173671	0.3691422984818859	0.030213985983259	0.42550036250192236	0.5026583474306303	0.595673045235846
198	0.4019761847221917	0.369691543818793	0.030213985983259	0.4260386229320913	0.5038392249049806	0.5968044906298745
199	0.4024320583518246	0.370158402355164	0.030213985983259	0.4265109739218314	0.5050695344596524	0.5979469209306413
200	0.40321747918360173	0.370696662785333	0.030213985983259	0.4270272645385241	0.5064920798822418	0.5990289342443482
201	0.40387657358789025	0.3711085967880133	0.030213985983259	0.42751060043500233	0.5076345101830085	0.6003141683327109
202	0.40445877364501176	0.37174022892545644	0.030213985983259	0.4281532174791836	0.508678076323132	0.6012808401256673
203	0.4052441944767889	0.3723059516224707	0.030213985983259	0.42865303073576905	0.5099193707845421	0.6024836874134939
204	0.40595272096139906	0.37287167431948504	0.030213985983259	0.4291967836193071	0.5111881275127974	0.6035602082738317
205	0.4065898455522113	0.37336050266933235	0.030213985983259	0.42966913460904715	0.5124184370674693	0.604741085748182
206	0.40713909088911837	0.3737889140321199	0.030213985983259	0.4301085308785728	0.5135773447283433	0.6057242349012457
207	0.40778170793329965	0.37426675747522903	0.030213985983259	0.43058088186831295	0.5148351165498605	0.6068501878419053
208	0.408583606125184	0.37481051035876706	0.030213985983259	0.43098183096425513	0.5160764110112706	0.6078992464353977
209	0.4092152382626271	0.37535975569567415	0.030213985983259	0.4314541819539952	0.5174000922732166	0.6089373201221522
210	0.4098194081332249	0.3760078651932245	0.030213985983259	0.43176725179603226	0.5186908188149483	0.6100467957027045
211	0.41065975349869277	0.3765626029835007	0.030213985983259	0.4321407386251291	0.5199211283696201	0.6110738844827207
212	0.4112364611024452	0.37718874266757474	0.030213985983259	0.43254168772107127	0.5209921567765889	0.6121339279829514
213	0.4118900630533647	0.37769954083089835	0.030213985983259	0.432986576443966	0.5221345870773557	0.6132983280971944
214	0.41255464991102225	0.378446514489092	0.030213985983259	0.43338752553990817	0.5232550475646461	0.6142924621569963
215	0.4130929103411912	0.3790616692664279	0.030213985983259	0.4338543840762792	0.52417777973065	0.6154953094448228
216	0.4137245424786344	0.3795889447898587	0.030213985983259	0.4343761671463409	0.5254739987257508	0.6165114133181009
217	0.4142628029088033	0.3801272052200277	0.030213985983259	0.4348210558692357	0.5267647252674825	0.617752707779511
218	0.41463079728453106	0.3806325109299822	0.030213985983259	0.43529889931234483	0.5280005272755234	0.6187468418393128
219	0.4152898916888196	0.38111584682646044	0.030213985983259	0.43569435595491796	0.5293187160841004	0.6196421117384714
220	0.41599292572006064	0.38160467517630775	0.030213985983259	0.43617769185139615	0.5304556539314981	0.6206911703319639
221	0.4165421710569677	0.38219786014016743	0.030213985983259	0.43660061076081463	0.5315486521519432	0.6217237515653492
222	0.41725618999494696	0.3827251356635982	0.030213985983259	0.43689720324274445	0.5328229013335677	0.622640991277984
223	0.4180635806402004	0.3833567678010414	0.030213985983259	0.43731462969879387	0.5339763165410726	0.6235747083507261
224	0.41872267504448885	0.38392249049805566	0.030213985983259	0.4375947448206165	0.5351517015620537	0.6245358876903135
225	0.41928839774150317	0.3846365094360349	0.030213985983259	0.437946261836237	0.5361183733550102	0.625584946283806
226	0.4199584770525298	0.38511435287914403	0.030213985983259	0.4382318694114287	0.5370520904277523	0.6265735878902388
227	0.42061757145681833	0.38572401520311095	0.030213985983259	0.4386218336006327	0.5381615660083046	0.6277599578179581
228	0.4212272337807852	0.3862897379001252	0.030213985983259	0.43894039589603884	0.5392820264955951	0.6286497352637476
229	0.4217380319441088	0.3868389832370323	0.030213985983259	0.4393907770723027	0.540364039809302	0.6296218995100732
230	0.42223784520069424	0.38741569084078475	0.030213985983259	0.4397972186216139	0.5414350682162709	0.6306709581035657
231	0.42302326603247137	0.3879374739108465	0.030213985983259	0.4402311224377705	0.5425884834237757	0.6316101676296768
232	0.423693345343498	0.38849221170112264	0.030213985983259	0.44063756398708176	0.5436814816442208	0.6326427488630622
233	0.42429202276072675	0.38893160797064835	0.030213985983259	0.4410330206296549	0.5446536458905464	0.633559988575697
234	0.4249456247116462	0.3895028231210317	0.030213985983259	0.44129116593800116	0.5458564931783729	0.6343948414877958
235	0.4255552870356131	0.39008502317815325	0.030213985983259	0.4416042357800382	0.5469330140387109	0.6353999604543358
236	0.4263736625876046	0.3905793439813696	0.030213985983259	0.44193927543555156	0.5478887009249291	0.6362952303534943
237	0.4268295362172375	0.39081551947623966	0.030213985983259	0.4423237471713865	0.5489707142386361	0.6372179625194982
238	0.42737328910077554	0.3913153327328251	0.030213985983259	0.4427192038139596	0.5498275369642112	0.6380418305248589
239	0.4278676099039919	0.39175472900235075	0.030213985983259	0.4430981830964255	0.5507282993167388	0.638909638157172
240	0.4283839005206846	0.3924467781268537	0.030213985983259	0.4434771623788914	0.5517444031900169	0.6397060438956873
241	0.4289276534042226	0.39298503855702266	0.030213985983259	0.44379023222092845	0.5525847485554848	0.6405628666212624
242	0.4293890194872246	0.39363864050794206	0.030213985983259	0.4441252718764418	0.5538040732034185	0.641386734626623
243	0.42991629501065537	0.3941823933914801	0.030213985983259	0.4444383417184788	0.5548751016103873	0.6421337082848166
244	0.4304051233605027	0.39462178966100575	0.030213985983259	0.4447898587340994	0.555852758310082	0.6430179932772371
245	0.43097633851088607	0.39517652745128196	0.030213985983259	0.44516883801656526	0.5567919678361931	0.643781444295538
246	0.43164092536854365	0.3957422501482962	0.030213985983259	0.4454654304984951	0.5577311773623042	0.6446162972076367
247	0.4321187688116528	0.3963683898323703	0.030213985983259	0.44588834940791355	0.558796713315904	0.6454566425731045
248	0.4326075971615001	0.39678032383505063	0.030213985983259	0.446157479622998	0.5595656567875739	0.6462914954852034
249	0.43320078212535973	0.3973350616253268	0.030213985983259	0.44650899663861854	0.5606366851945427	0.6470329766900279
250	0.4337005953819452	0.3976920710943164	0.030213985983259	0.44681657402728653	0.5615209701869631	0.6477469956280071
251	0.4342498407188523	0.39838412021881936	0.030213985983259	0.4470252872553112	0.5624327174462289	0.6485818485401059
252	0.4350297690972604	0.3989553353692027	0.030213985983259	0.4473108948305029	0.5633554496122328	0.6494276863589428
253	0.4354581804600479	0.3995814750532768	0.030213985983259	0.4476514269393853	0.5642836742316057	0.6502295845508271
254	0.43608432014412196	0.39989454489531384	0.030213985983259	0.4479699892347914	0.5654810290660632	0.6509985280224971
255	0.4366115956675528	0.40038337324516116	0.030213985983259	0.44833798361051913	0.5664037612320671	0.6517455016806908
256	0.4371498560977217	0.40083924687479405	0.030213985983259	0.4485686666520201	0.567172704703737	0.65245952061867
257	0.437561790100402	0.4013500450381176	0.030213985983259	0.4489311685743788	0.5681174066832173	0.6533657754245666
258	0.4380616033569875	0.40185535074807216	0.030213985983259	0.4492277610563086	0.5689907067688995	0.654013884922117
259	0.4385339543467276	0.4022508073906452	0.030213985983259	0.4494694290045477	0.56987499176132	0.6547279038600963
260	0.4390227826965749	0.40262429421974205	0.030213985983259	0.44984291583364455	0.570808708834062	0.6555078322385043
261	0.4395116110464222	0.4031845244633873	0.030213985983259	0.4501559856756816	0.571660039106268	0.6561724190961619
262	0.4401432431838654	0.40362941318628204	0.030213985983259	0.4503866687171826	0.5725772788189029	0.6567546191532834
263	0.440577147000022	0.404013884922117	0.030213985983259	0.4506887536524815	0.5733901619175253	0.6574961003581079
264	0.44107146780323836	0.4045136981787025	0.030213985983259	0.4509688687743041	0.5743183865368983	0.6581771645758727
265	0.4414559395390733	0.40485972274095394	0.030213985983259	0.4512325065360195	0.5751642243557352	0.6588362589801613
266	0.4419337829821825	0.40540896807786103	0.030213985983259	0.451501636751104	0.5759331678274051	0.65943493639739
267	0.44231825471801745	0.4059746907748753	0.030213985983259	0.45177076696618845	0.5766636641254915	0.6601379704286311
268	0.4428015906144957	0.4064635191247226	0.030213985983259	0.45206735944811827	0.5775259793044357	0.6608135421930268
269	0.4433288661379265	0.4069633323813081	0.030213985983259	0.45233099720983366	0.5782784454159984	0.6614671441439463
270	0.4438890963815717	0.40736428147725023	0.030213985983259	0.45260561987828724	0.5792396247555859	0.6622415800689853
271	0.44444932662521697	0.40772678339960894	0.030213985983259	0.45286376518663357	0.5800634927609465	0.6628512423929521
272	0.44477338137399214	0.40802337588153875	0.030213985983259	0.45309444822813455	0.5807061098051277	0.6635927235977767
273	0.4452896719906848	0.4085286815914933	0.030213985983259	0.45336907089658807	0.5815025155436431	0.6642628029088034
274	0.44560274183272186	0.4088856910604829	0.030213985983259	0.4536272162049344	0.5823868005360634	0.6648450029659249
275	0.4461355098095217	0.4094074741305446	0.030213985983259	0.4539128237801261	0.5832491157150076	0.6655754992640113
276	0.44660236834589273	0.4099127798404992	0.030213985983259	0.4541160445547817	0.5840619988136301	0.666333457828943
277	0.44703077970868027	0.41030823648307224	0.030213985983259	0.4543906672232353	0.5848584045521453	0.6669266427928027
278	0.44755805523211106	0.41079706483291956	0.030213985983259	0.4546652898916888	0.5856328404771843	0.6675472900235077
279	0.4478821099808863	0.41136827998330294	0.030213985983259	0.45479161631917747	0.58630841224158	0.6682283542412725
280	0.44843684777116244	0.4115989630248039	0.030213985983259	0.45509370125447635	0.587082848166619	0.6689478656326208
281	0.4487279477997232	0.4120603291078059	0.030213985983259	0.4553133993892392	0.5877529274776457	0.6695190807830042
282	0.44920029878946327	0.41234593668299757	0.030213985983259	0.4555440824307402	0.5884999011358394	0.6701342355603401
283	0.4495518158050838	0.4128787046597974	0.030213985983259	0.4557473032053958	0.5891535030867588	0.6706779884438782
284	0.4500461366083002	0.4131917745018345	0.030213985983259	0.4561152975811235	0.5898894918382143	0.6712986356745831
285	0.45044708570424236	0.41355976887756224	0.030213985983259	0.45631851835577913	0.5905925258694553	0.6719192829052881
286	0.4509194366939825	0.41404859722740955	0.030213985983259	0.45660412593097083	0.5913120372608036	0.672523452775886
287	0.4512489838961267	0.4144550387767208	0.030213985983259	0.4568403014258409	0.5919876090251994	0.6731111452863765
288	0.4517048575257596	0.4146967067249599	0.030213985983259	0.4571314014544017	0.5927181053232858	0.6735670189160095
289	0.45218819342223787	0.41505371619394954	0.030213985983259	0.4573510995891645	0.5934431091680031	0.6740668321725949
290	0.45262758969176353	0.41549860491684426	0.030213985983259	0.45742250148296243	0.5940747413054464	0.6745501680690731
291	0.45308346332139643	0.4156743634246545	0.030213985983259	0.4577685260452139	0.5947832677900564	0.675082936045873
292	0.4534075180701716	0.41597095590658434	0.030213985983259	0.45801568644682206	0.5954148999274996	0.6757804776237449
293	0.453671155831887	0.41634444273568116	0.030213985983259	0.4582353845815849	0.5960685018784191	0.6762638135202232
294	0.45416547663510337	0.4166630050310873	0.030213985983259	0.4584825449831931	0.596837445350089	0.6769064305644045
295	0.45468176725179604	0.4169211503394336	0.030213985983259	0.45870224311795593	0.5974361227673177	0.6773677966474064
296	0.45505525408089287	0.41727266735505414	0.030213985983259	0.4589164487993497	0.5980897247182372	0.6778950721708372
297	0.4554067710965134	0.4176296768240438	0.030213985983259	0.4591196695740053	0.598704879495573	0.678493749588066
298	0.4558736296328844	0.4179811938396643	0.030213985983259	0.45931739789529186	0.5994243908869213	0.6790704571918185
299	0.4563679504361008	0.41834369576202296	0.030213985983259	0.45959202056374543	0.5999516664103521	0.6796965968758926
300	0.45681283915899557	0.4187171825911198	0.030213985983259	0.4597677790715557	0.6005393589208428	0.6802897818397522
301	0.45724674297515217	0.41906320715337125	0.030213985983259	0.45993255267262784	0.6010940967111189	0.6807841026429685
302	0.4575653052705583	0.41937078454203924	0.030213985983259	0.46016323571412876	0.6016048948744425	0.6812180064591251
303	0.45786739020585715	0.419584990223433	0.030213985983259	0.4603499791286772	0.6021596326647187	0.6817947140628776
304	0.45826284684843027	0.41999692422611334	0.030213985983259	0.4605312300898565	0.6026649383746732	0.6823219895863084
305	0.4586473185842652	0.4204527978557462	0.030213985983259	0.46068501878419055	0.603186721444735	0.6828437726563702
306	0.4590482676802074	0.4208482544983193	0.030213985983259	0.46087176219873893	0.603735966781642	0.68337654063317
307	0.4593558450688754	0.42126568095436867	0.030213985983259	0.46099808862622754	0.6042632423050728	0.6837939670892195
308	0.45975130171144846	0.4216501526902037	0.030213985983259	0.4612397565744667	0.604900366895885	0.6842773029856977
309	0.460256607421403	0.42190829799855	0.030213985983259	0.46145396225586044	0.6054825669530066	0.684766131335545
310	0.4605312300898565	0.42216095085352723	0.030213985983259	0.46153085660302745	0.6061910934376167	0.6852055276050706
311	0.4608607772920008	0.42260034712305294	0.030213985983259	0.461728584924314	0.6066689368807259	0.6856229540611201
312	0.4612562339345739	0.42291341696508994	0.030213985983259	0.4618988509787552	0.6072017048575258	0.6860568578772767
313	0.461651690577147	0.4233253509677703	0.030213985983259	0.4620965793000417	0.6077619351011709	0.6864468220664807
314	0.462118549113518	0.4237757321440341	0.030213985983259	0.4623162774348046	0.6082178087308039	0.6868697409758991
315	0.4624645736757695	0.42416569633323814	0.030213985983259	0.46251400575609114	0.6087011446272821	0.6872926598853176
316	0.4627227189841158	0.4245666454291803	0.030213985983259	0.4627501812509612	0.6092284201507129	0.6878419052222247
317	0.4630907133598436	0.4249126699914318	0.030213985983259	0.462892985038557	0.6096458466067624	0.6882373618647978
318	0.4635356020827383	0.42525320210031414	0.030213985983259	0.46305775863962917	0.6101401674099787	0.688643803414109
319	0.46372234549728675	0.4255662719423512	0.030213985983259	0.46324450205417755	0.6106564580266713	0.6891765713909089
320	0.4640848474196454	0.42585737197091195	0.030213985983259	0.46349166245578577	0.6111672561899949	0.6895280884065295
321	0.46434299272799173	0.426170441812949	0.030213985983259	0.46362348133664344	0.6116780543533186	0.6899619922226861
322	0.46477689654414833	0.4263956324010809	0.030213985983259	0.46377727003097746	0.6122108223301184	0.6904068809455808
323	0.4651778456400905	0.42669222488301073	0.030213985983259	0.46396401344552585	0.6128754091877759	0.690813322494892
324	0.46558428718940176	0.4270052947250478	0.030213985983259	0.46407935496627634	0.613496056418481	0.691197794230727
325	0.4659522815651295	0.4274007513676209	0.030213985983259	0.4641946964870268	0.6139903772216974	0.6917635169277413
326	0.4664081551947624	0.42780719291693214	0.030213985983259	0.4643539776347299	0.6144901904782828	0.6921150339433618
327	0.46674868730364477	0.4280873080387548	0.030213985983259	0.4644857965155876	0.6150559131752972	0.6925544302128875
328	0.4671331590394798	0.42831799108025576	0.030213985983259	0.46466155502339784	0.6154623547246084	0.6930432585627349
329	0.46745721378825494	0.42884526660368655	0.030213985983259	0.4648373135312081	0.616055539688468	0.6935046246457368
330	0.4678032383505064	0.42925720060636685	0.030213985983259	0.46499110222554213	0.6166542171056968	0.6939330360085243
331	0.4680449062987455	0.42955379308829666	0.030213985983259	0.4651558758266142	0.6172474020695564	0.6942955379308829
332	0.4684293780345805	0.4300645912516203	0.030213985983259	0.46535909660126984	0.6177032756991894	0.6945811455060746
333	0.46876991014346286	0.4303282290133357	0.030213985983259	0.46552936265571104	0.6181921040490366	0.694993079508755
334	0.4691214271590834	0.43071819320253973	0.030213985983259	0.4656501966298306	0.6186369927719314	0.6954050135114352
335	0.46941801964101326	0.43095986115077883	0.030213985983259	0.46579300041742644	0.6189885097875519	0.6957949777006394
336	0.4696157479622998	0.43122349891249423	0.030213985983259	0.4658424324977481	0.6196311268317332	0.6961190324494145
337	0.46993431025770593	0.43157501592811476	0.030213985983259	0.46594678911176046	0.6199991212074609	0.6965584287189401
338	0.4702144253795285	0.4318002065162467	0.030213985983259	0.4660456532724037	0.6205154118241536	0.6969154381879298
339	0.47052749522156556	0.4320967989981765	0.030213985983259	0.4662049344201068	0.6209987477206319	0.6973603269108245
340	0.4708625348770789	0.4322505876925105	0.030213985983259	0.4664136476481315	0.6214546213502647	0.6977997231803502
341	0.47126897642639015	0.43252521036096403	0.030213985983259	0.4665948986093108	0.6219104949798976	0.6982391194498758
342	0.4718346991234044	0.432832787749632	0.030213985983259	0.46677614957049013	0.6223663686095305	0.6986290836390799
343	0.4722136784058703	0.4330305160709186	0.030213985983259	0.4669574005316695	0.622789287518949	0.6990080629215458
344	0.4727025067557176	0.4333380934595865	0.030213985983259	0.4671441439462179	0.62325614605532	0.6992442384164158
345	0.47301557659775467	0.4336127161280401	0.030213985983259	0.46728694773381374	0.6237394819517982	0.6996342026056199
346	0.4733341388931608	0.4340466199441967	0.030213985983259	0.46736384208098075	0.62426126502186	0.7001395083155744
347	0.4736966408155195	0.43429378034580485	0.030213985983259	0.4675066458685766	0.6246786914779093	0.7005569347716238
348	0.4739547861238658	0.4344695388536151	0.030213985983259	0.46761649493595797	0.6252279368148165	0.7008535272535537
349	0.47426236351253376	0.43472768416196145	0.030213985983259	0.46774282136344664	0.6256288859107586	0.7011995518158051
350	0.47449304655403474	0.4349803370169387	0.030213985983259	0.4678801326976734	0.6260298350067008	0.7014741744842586
351	0.474899488103346	0.4352439747786541	0.030213985983259	0.46796801195157856	0.6265406331700244	0.7017982292330338
352	0.4752400202122284	0.43542522573983344	0.030213985983259	0.4681382780060197	0.626974536986181	0.7021881934222378
353	0.4755585825076345	0.43576575784871585	0.030213985983259	0.46826460443350837	0.6272985917349562	0.7025561877979656
354	0.4760254410440055	0.43593602390315705	0.030213985983259	0.468390930860997	0.6276665861106839	0.7028472878265264
355	0.47627260144561373	0.4362051541182415	0.030213985983259	0.4685392271019619	0.6280785201133643	0.7031878199354088
356	0.47651426939385283	0.4363864050794209	0.030213985983259	0.4686380912626052	0.6285838258233187	0.7035887690313509
357	0.47683832414262806	0.4366500428411363	0.030213985983259	0.468775402596832	0.6289298503855703	0.7039128237801261
358	0.47714040907792693	0.43686424852253003	0.030213985983259	0.46885229694399894	0.6293362919348815	0.704286310609223
359	0.47750291100028563	0.43710042401740007	0.030213985983259	0.4690060856383329	0.6296603466836567	0.7046488125315816
360	0.4778983676428587	0.4373695542324846	0.030213985983259	0.46915438187929787	0.6300832655930751	0.7048630182129754
361	0.4782718544719555	0.4376331919942	0.030213985983259	0.46931915548036995	0.6303743656216358	0.7050827163477382
362	0.47859041676736164	0.4378034580486412	0.030213985983259	0.46939604982753697	0.6307148977305183	0.705379308829668
363	0.47888700924929145	0.4381220203440473	0.030213985983259	0.46954983852187093	0.6310334600259244	0.7055825296043237
364	0.4792604960783883	0.43835819583891733	0.030213985983259	0.4696432102291452	0.6314344091218665	0.7058901069929916
365	0.47944174703956766	0.4387371751213832	0.030213985983259	0.46976404420326473	0.6317804336841181	0.7061482523013379
366	0.47968341498780676	0.43895138080277696	0.030213985983259	0.46987389327064616	0.6322253224070128	0.7064009051563153
367	0.47992508293604585	0.43914361667069446	0.030213985983259	0.46998923479139665	0.6325438847024188	0.7066810202781378
368	0.4802491376848211	0.43941823933914803	0.030213985983259	0.47006063668519454	0.6328185073708724	0.7068952259595316
369	0.48057319243359625	0.43961596766043454	0.030213985983259	0.47013203857899244	0.6331096073994332	0.7071149240942944
370	0.4809356943559549	0.43984115824856646	0.030213985983259	0.47018696311268315	0.6333622602544104	0.7074060241228552
371	0.4811828547575631	0.44005536392996025	0.030213985983259	0.47030779708680276	0.6336588527363403	0.7076916316980468
372	0.48147395478612387	0.4402475997978777	0.030213985983259	0.47043961596766043	0.6339554452182701	0.7080047015400839
373	0.48161126612035066	0.44048926774611685	0.030213985983259	0.47053848012830374	0.6342740075136762	0.7083122789287519
374	0.4817870246281609	0.4406650262539271	0.030213985983259	0.47066480655579235	0.6345980622624514	0.7085649317837291
375	0.4821330491904124	0.4408737394819518	0.030213985983259	0.47075817826306654	0.6349495792780719	0.7089219412527188
376	0.48234176241843707	0.44112089988356	0.030213985983259	0.4708185952501263	0.6352956038403234	0.7091251620273744
377	0.48262736999362876	0.44147241689918054	0.030213985983259	0.4709339367708768	0.6355592416020388	0.7093833073357207
378	0.4829349473822967	0.4417964716479557	0.030213985983259	0.4710108311180438	0.6357734472834325	0.7096524375508052
379	0.4831656304237977	0.44202166223608763	0.030213985983259	0.47106026319836547	0.6361029944855768	0.7099215677658897
380	0.48340729837203683	0.44224136037085043	0.030213985983259	0.47117011226574684	0.6364490190478282	0.7102071753410814
381	0.4836050266933234	0.4424171188786607	0.030213985983259	0.471257991519652	0.6367456115297581	0.7104708131027968
382	0.4838247248280862	0.44255992266625654	0.030213985983259	0.471334885866819	0.637042204011688	0.7107069885976668
383	0.4841268097633851	0.4428125755212338	0.030213985983259	0.4714227651207241	0.6374156908407848	0.7109157018256915
384	0.48430806072456445	0.4429883340290441	0.030213985983259	0.47158753872179626	0.6377727003097744	0.7112177867609903
385	0.4845881758463871	0.44323000197728324	0.030213985983259	0.4716864028824395	0.6380747852450732	0.7114210075356461
386	0.4848243513412571	0.44347166992552234	0.030213985983259	0.47180723685655906	0.6383439154601578	0.7116626754838852
387	0.48510446646307975	0.4437078454203924	0.030213985983259	0.4718951161104642	0.6386844475690402	0.7118604038051717
388	0.485357119318057	0.4439550058220006	0.030213985983259	0.47198848781773844	0.6389755475976009	0.7121295340202561
389	0.4855823099061889	0.4442076586769778	0.030213985983259	0.47205988971153634	0.6392611551727926	0.7123821868752335
390	0.48581299294768987	0.44435046246457366	0.030213985983259	0.4721203066985961	0.6395522552013534	0.7126403321835798
391	0.48608761561614344	0.4444767888920623	0.030213985983259	0.47220818595250125	0.6398872948568667	0.7128160906913901
392	0.48629083639079906	0.44464705494650353	0.030213985983259	0.4723125425665136	0.6402937364061779	0.7130412812795219
393	0.48657095151262164	0.4448173210009447	0.030213985983259	0.47237845200694245	0.6405024496342026	0.7132499945075467
394	0.4868455741810752	0.4451084210295055	0.030213985983259	0.4724883010743239	0.6407441175824418	0.7135191247226311
395	0.48700485532877824	0.4453116418041611	0.030213985983259	0.47260913504844343	0.6410462025177406	0.7137882549377156
396	0.48713667420963597	0.4455533097524002	0.030213985983259	0.4726805369422414	0.641386734626623	0.7140793549662764
397	0.4874058044247204	0.44571808335347235	0.030213985983259	0.47279038600962275	0.6417217742821364	0.7143539776347299
398	0.48763099501285234	0.44600369092866404	0.030213985983259	0.4728398180899444	0.6420568139376497	0.7146011380363381
399	0.487839708240877	0.44624535887690314	0.030213985983259	0.4729386822505877	0.6423643913263176	0.7148153437177318
400	0.48808686864248524	0.4464101324779753	0.030213985983259	0.4730100841443856	0.6426005668211877	0.7150405343058638
401	0.4882955818705099	0.44656392117230925	0.030213985983259	0.47307599358481445	0.6428971593031175	0.7152657248939956
402	0.48843838565810577	0.446778126853703	0.030213985983259	0.47315288793198146	0.6432981083990597	0.7154909154821275
403	0.4886745611529758	0.44692093064129884	0.030213985983259	0.47321330491904123	0.6436441329613112	0.7157270909769976
404	0.48881736494057165	0.4470417646154184	0.030213985983259	0.473273721906101	0.6438748160028122	0.7159193268449151
405	0.48893270646132214	0.4473273721906101	0.030213985983259	0.47334512379989896	0.6441933782982182	0.716144517433047
406	0.4890535404354417	0.4474921457916822	0.030213985983259	0.4734330030538041	0.6444130764329811	0.7163367533009645
407	0.4892677461168355	0.4477008590197069	0.030213985983259	0.47347694268075663	0.6446767141946965	0.7165729287958346
408	0.48948195179822923	0.4478930948876244	0.030213985983259	0.47356482193466176	0.6449568293165191	0.7167761495704902
409	0.489619263132456	0.44818419491618516	0.030213985983259	0.47366917854867413	0.6452259595316036	0.7169958477052529
410	0.4897675593734209	0.4484643100380078	0.030213985983259	0.4737515653492102	0.6455005822000571	0.7171825911198014
411	0.4900531669486126	0.4486675308126634	0.030213985983259	0.47385042950985345	0.6457532350550343	0.7173693345343498
412	0.490239910363161	0.44892018366764064	0.030213985983259	0.4739163389502823	0.6460717973504405	0.7175615704022673
413	0.4904211613243404	0.44911241953555814	0.030213985983259	0.47398774084408024	0.646340927565525	0.7177318364567085
414	0.49064635191247224	0.4492717006832612	0.030213985983259	0.4740371729244019	0.6465606257002878	0.7178801326976734
415	0.49089351231408046	0.44943098183096425	0.030213985983259	0.47415800689852144	0.6467473691148362	0.7180449062987455
416	0.49113518026231956	0.4496067403387745	0.030213985983259	0.4742403936990575	0.6470055144231825	0.7181986949930795
417	0.49139881802403496	0.44971658940615594	0.030213985983259	0.47427334841927193	0.647203242744469	0.7184183931278424
418	0.4916075312520597	0.44999121207460946	0.030213985983259	0.4743667201265461	0.6475492673067206	0.7186325988092361
419	0.4919041237339895	0.45012852340883625	0.030213985983259	0.47443262956697496	0.6477634729881143	0.7188138497704154
420	0.4921128369620142	0.4503262517301228	0.030213985983259	0.4744820616472966	0.6479776786695081	0.7189401761979041
421	0.4923490124568842	0.45059538194520726	0.030213985983259	0.4745424786343564	0.648208361711009	0.7191214271590834
422	0.49249730869784913	0.45069973855921963	0.030213985983259	0.4746358503416306	0.6484170749390338	0.71931915548037
423	0.4927719313663027	0.45094689896082785	0.030213985983259	0.47471823714216665	0.6485873409934749	0.7195168838016566
424	0.49293670496737485	0.451194059362436	0.030213985983259	0.4747841465825955	0.6487960542214997	0.7196926423094668
425	0.49300810686117275	0.45128193861634114	0.030213985983259	0.47485554847639344	0.648982797636048	0.7198244611903245
426	0.49306303139486346	0.451501636751104	0.030213985983259	0.47491047301008416	0.6491695410505964	0.7200551442318255
427	0.4932992068897335	0.4517048575257596	0.030213985983259	0.4749599050904058	0.6493782542786212	0.7202968121800646
428	0.49347496539754376	0.45177076696618845	0.030213985983259	0.4750697541577872	0.649674846760551	0.7204890480479821
429	0.49361227673177055	0.4519135707537843	0.030213985983259	0.4751246786914779	0.649905529802052	0.7206757914625305
430	0.4937935276929499	0.45213326888854716	0.030213985983259	0.47525100511896656	0.6501691675637674	0.7208295801568645
431	0.49399125601423644	0.4522870575828811	0.030213985983259	0.4753553617329789	0.650377880791792	0.7209778763978294
432	0.4942054616956302	0.45245183118395327	0.030213985983259	0.47547070325372937	0.6505536392996023	0.7211206801854252
433	0.49440868247028585	0.4525726651580728	0.030213985983259	0.47553112024078914	0.6507953072478415	0.7213129160533427
434	0.4945899334314652	0.4527484236658831	0.030213985983259	0.47558604477447985	0.6509985280224971	0.7214502273875695
435	0.49468879759210843	0.45286925764000263	0.030213985983259	0.4756684315750159	0.6512401959707362	0.7215765538150581
436	0.4948261089263352	0.45303952369444384	0.030213985983259	0.47573434101544476	0.6515862205329876	0.7217907594964519
437	0.4949798976206692	0.45319880484214686	0.030213985983259	0.4757672957356592	0.6517949337610124	0.7219884878177384
438	0.49516114858184856	0.45328119164268293	0.030213985983259	0.47583320517608807	0.6520091394424061	0.7222026934991322
439	0.4954577410637784	0.4534239954302788	0.030213985983259	0.47589362216314784	0.6521848979502164	0.7223729595535734
440	0.49558955994463605	0.4535008897774458	0.030213985983259	0.475981501417053	0.652382626271503	0.7225487180613837
441	0.4956994090120175	0.45360524639145816	0.030213985983259	0.47605839576422	0.6525583847793133	0.7226695520355032
442	0.49593009205351846	0.45369861809873235	0.030213985983259	0.4761297976580179	0.6527341432871235	0.7228617879034207
443	0.4959960014939473	0.4538194520728519	0.030213985983259	0.47621218445855396	0.6528549772612431	0.7230485313179691
444	0.4961882373618648	0.45394028604697145	0.030213985983259	0.4762231693652921	0.6530197508623152	0.7231748577454578
445	0.49633104114946064	0.45396225586044775	0.030213985983259	0.47629457125909	0.6531955093701255	0.7233286464397918
446	0.49640793549662765	0.45408858228793636	0.030213985983259	0.4763440033394116	0.6533547905178285	0.7234769426807567
447	0.4965452468308544	0.45418744644857967	0.030213985983259	0.4764099127798405	0.6535909660126985	0.7236362238284597
448	0.4967539600588791	0.454291803062592	0.030213985983259	0.47650877694048377	0.6536953226267109	0.723740580442472
449	0.4968857789397368	0.4544620691170332	0.030213985983259	0.47662411846123426	0.6539150207614738	0.7238284596963772
450	0.49699013555374916	0.454676274798427	0.030213985983259	0.4766351033679724	0.6540688094558077	0.7239987257508184
451	0.4970011204604873	0.45468176725179604	0.030213985983259	0.4766351033679724	0.6540743019091768	0.7239987257508184
452	0.497056044994178	0.4546872597051651	0.030213985983259	0.4766351033679724	0.6540743019091768	0.7239987257508184
453	0.497056044994178	0.4546872597051651	0.030213985983259	0.4766351033679724	0.6540743019091768	0.7239987257508184
454	0.497056044994178	0.4546872597051651	0.030213985983259	0.4766405958213415	0.6540743019091768	0.7239987257508184
455	0.497056044994178	0.4546872597051651	0.030213985983259	0.4766405958213415	0.6540743019091768	0.7239987257508184
456	0.49706702990091617	0.4546872597051651	0.030213985983259	0.4766405958213415	0.6540743019091768	0.7239987257508184
457	0.49706702990091617	0.4546872597051651	0.030213985983259	0.4766405958213415	0.6540743019091768	0.7239987257508184
458	0.49706702990091617	0.4546872597051651	0.030213985983259	0.4766405958213415	0.6540743019091768	0.7239987257508184
459	0.49706702990091617	0.4546872597051651	0.030213985983259	0.4766405958213415	0.6540743019091768	0.7239987257508184
460	0.49706702990091617	0.4546872597051651	0.030213985983259	0.47664608827471056	0.6540743019091768	0.7239987257508184
461	0.49706702990091617	0.4546872597051651	0.030213985983259	0.47664608827471056	0.6540743019091768	0.7239987257508184
462	0.49706702990091617	0.4546872597051651	0.030213985983259	0.47664608827471056	0.6540743019091768	0.7239987257508184
463	0.49706702990091617	0.4546872597051651	0.030213985983259	0.47664608827471056	0.6540743019091768	0.7239987257508184
464	0.49706702990091617	0.4546872597051651	0.030213985983259	0.47664608827471056	0.6540743019091768	0.7239987257508184
465	0.4970780148076543	0.4546872597051651	0.030213985983259	0.47664608827471056	0.6540743019091768	0.7239987257508184
466	0.4970780148076543	0.4546872597051651	0.030213985983259	0.47664608827471056	0.6540743019091768	0.7239987257508184
467	0.4970780148076543	0.4546872597051651	0.030213985983259	0.47664608827471056	0.6540797943625458	0.7239987257508184
468	0.4970780148076543	0.4546872597051651	0.030213985983259	0.47664608827471056	0.6540797943625458	0.7239987257508184
469	0.4970780148076543	0.4546872597051651	0.030213985983259	0.47664608827471056	0.6540797943625458	0.7239987257508184
470	0.4970780148076543	0.4546872597051651	0.030213985983259	0.47664608827471056	0.6540797943625458	0.7239987257508184
471	0.4970780148076543	0.4546872597051651	0.030213985983259	0.47664608827471056	0.6540797943625458	0.7239987257508184
472	0.4970780148076543	0.4546872597051651	0.030213985983259	0.47664608827471056	0.6540797943625458	0.7239987257508184
473	0.4970780148076543	0.4546872597051651	0.030213985983259	0.47664608827471056	0.6540797943625458	0.7239987257508184
474	0.4970780148076543	0.4546872597051651	0.030213985983259	0.47664608827471056	0.6540797943625458	0.7239987257508184
475	0.4970780148076543	0.4546872597051651	0.030213985983259	0.47664608827471056	0.6540797943625458	0.7239987257508184
476	0.4970780148076543	0.4546872597051651	0.030213985983259	0.47664608827471056	0.6540797943625458	0.7239987257508184
477	0.4970780148076543	0.4546872597051651	0.030213985983259	0.47664608827471056	0.6540797943625458	0.7239987257508184
478	0.4970780148076543	0.4546872597051651	0.030213985983259	0.47664608827471056	0.6540797943625458	0.7239987257508184
479	0.4970780148076543	0.4546872597051651	0.030213985983259	0.47664608827471056	0.6540797943625458	0.7239987257508184
480	0.4970780148076543	0.4546872597051651	0.030213985983259	0.47664608827471056	0.6540797943625458	0.7239987257508184
481	0.4970780148076543	0.4546872597051651	0.030213985983259	0.47664608827471056	0.6540797943625458	0.7239987257508184
482	0.4970780148076543	0.4546872597051651	0.030213985983259	0.47664608827471056	0.6540797943625458	0.7239987257508184
483	0.4970780148076543	0.4546872597051651	0.030213985983259	0.47664608827471056	0.6540797943625458	0.7239987257508184
484	0.4970780148076543	0.4546872597051651	0.030213985983259	0.4766515807280796	0.6540797943625458	0.7239987257508184
485	0.4970780148076543	0.4546872597051651	0.030213985983259	0.4766515807280796	0.6540797943625458	0.7239987257508184
486	0.4970780148076543	0.4546872597051651	0.030213985983259	0.4766515807280796	0.6540797943625458	0.7239987257508184
487	0.4970780148076543	0.4546872597051651	0.030213985983259	0.4766515807280796	0.6540797943625458	0.7239987257508184
488	0.4970780148076543	0.4546872597051651	0.030213985983259	0.4766515807280796	0.6540797943625458	0.7239987257508184
489	0.4970780148076543	0.4546872597051651	0.030213985983259	0.4766515807280796	0.6540797943625458	0.7239987257508184
490	0.4970780148076543	0.4546872597051651	0.030213985983259	0.4766515807280796	0.6540797943625458	0.7239987257508184
491	0.4970780148076543	0.4546872597051651	0.030213985983259	0.4766515807280796	0.6540797943625458	0.7239987257508184
492	0.4970780148076543	0.4546872597051651	0.030213985983259	0.4766515807280796	0.6540797943625458	0.7239987257508184
493	0.4970780148076543	0.4546872597051651	0.030213985983259	0.4766515807280796	0.6540797943625458	0.7239987257508184
494	0.4970780148076543	0.4546872597051651	0.030213985983259	0.4766515807280796	0.6540797943625458	0.7239987257508184
495	0.4970780148076543	0.4546872597051651	0.030213985983259	0.4766515807280796	0.6540797943625458	0.7239987257508184
496	0.4970780148076543	0.4546872597051651	0.030213985983259	0.4766515807280796	0.6540797943625458	0.7239987257508184
497	0.4970780148076543	0.4546872597051651	0.030213985983259	0.4766515807280796	0.6540797943625458	0.7239987257508184
498	0.4970780148076543	0.4546872597051651	0.030213985983259	0.4766515807280796	0.6540797943625458	0.7239987257508184
499	0.4970780148076543	0.4546872597051651	0.030213985983259	0.4766515807280796	0.6540797943625458	0.7239987257508184
500	0.4970780148076543	0.4546872597051651	0.030213985983259	0.4766515807280796	0.6540797943625458	0.7239987257508184
