Iteration	bike	car	freight	pt	ride	walk
0	0.0	0.0	0.0	0.0	0.0	0.0
1	0.0	0.0	0.0	0.0	0.0	0.0
2	0.0	0.0	0.0	0.0	0.0	0.0
3	0.0	0.0	0.0	0.0	0.0	0.0
4	0.0	0.0	0.0	0.0	0.0	0.0
5	0.0	0.0	0.0	0.0	0.0	0.0
6	0.0	0.0	0.0	0.0	0.0	0.0
7	0.0	0.0	0.0	0.0	0.0	0.0
8	0.0	0.0	0.0	0.0	0.0	0.0
9	0.07614737350879891	0.15244304325856273	0.030213985983259	0.10962936924665509	0.03288331832062746	0.17729090230023947
10	0.09133400707427994	0.17235318672144473	0.030213985983259	0.13555374914866972	0.0408968077861019	0.19858514401212735
11	0.10294505349649581	0.1861007975042292	0.030213985983259	0.1520530790693587	0.04753718390930861	0.21269525671727046
12	0.11177691851396182	0.19617944943647428	0.030213985983259	0.16418041610826725	0.053139486345760927	0.2234055407869587
13	0.11998264384735374	0.20489048047982072	0.030213985983259	0.17380868686424852	0.05861546235472461	0.2322758529780082
14	0.1265406331700244	0.21115187732056154	0.030213985983259	0.1817342970758178	0.06379484588175846	0.23963574049256323
15	0.13234066392776325	0.21630379858075005	0.030213985983259	0.1882318694114287	0.06840301425840895	0.24627062416240086
16	0.13808027769844233	0.22147219720104577	0.030213985983259	0.19372432278049959	0.07273106751323681	0.25197179075949644
17	0.14400114243030077	0.2252400202122284	0.030213985983259	0.19874991761319946	0.07716347738207703	0.2570413252191489
18	0.14894984291583366	0.22883208471560076	0.030213985983259	0.20305050860118198	0.08155744007733375	0.26133093130039325
19	0.15360195091943668	0.2320891095634598	0.030213985983259	0.20724125052178308	0.08598435749280489	0.26530197508623155
20	0.15788057209394293	0.2348078739811499	0.030213985983259	0.21070149614429773	0.0901531295999297	0.2685754772941978
21	0.16153305358437506	0.237449744051673	0.030213985983259	0.2141068172331217	0.09414065074587517	0.27156337192697233
22	0.16533383131577212	0.2398829008941714	0.030213985983259	0.21753410813542193	0.09799086055759387	0.2746721005338665
23	0.16859634861700024	0.24198651053452555	0.030213985983259	0.2203682140738625	0.1018905024496342	0.27725904607069884
24	0.17176549421095416	0.24388140694685503	0.030213985983259	0.22335061625326802	0.10542764241931586	0.2795109519520179
25	0.17518180020651625	0.24523804292901552	0.030213985983259	0.2258441900828262	0.10832216534481623	0.2817463804732298
26	0.17853768921501856	0.24691324120658215	0.030213985983259	0.22849704506008744	0.11161214491288969	0.28376760331304784
27	0.18116857437880352	0.24836324889601688	0.030213985983259	0.23102357360986006	0.11496254146802294	0.2853329525232331
28	0.18382142935606477	0.24951117165015269	0.030213985983259	0.23355559461300174	0.11829646066304897	0.2870850451479667
29	0.18618867675813433	0.25052178307006173	0.030213985983259	0.23558780235955798	0.12109211942790606	0.2884197113166509
30	0.18842410527934617	0.25164773601072127	0.030213985983259	0.23740580442472042	0.1240086121668827	0.2898807039128238
31	0.1907803677746776	0.25265285497726125	0.030213985983259	0.23938858009095504	0.12702396906650262	0.2914240833095327
32	0.1927631434409122	0.2534602456225147	0.030213985983259	0.24110771799547423	0.1300503108728607	0.292764241931586
33	0.1950974361227673	0.2542346815475537	0.030213985983259	0.24278840872640992	0.13299975833205177	0.2940110288463651
34	0.1972559702968122	0.25491574576531845	0.030213985983259	0.24453500889777446	0.1358228793637542	0.29518092141397717
35	0.1988377968671046	0.2553880967550585	0.030213985983259	0.246281609069139	0.13898653250433904	0.2964222158753872
36	0.20053496495814752	0.25614605531999035	0.030213985983259	0.24786343563943142	0.14145813652042094	0.29756464617615397
37	0.20238042929015532	0.25672825537711186	0.030213985983259	0.2494287848496166	0.14374299712195443	0.2985587802359558
38	0.20428081815585386	0.25734890260781684	0.030213985983259	0.2510270887800163	0.14634642001889403	0.29953094448228135
39	0.20607135795417098	0.2577937913307116	0.030213985983259	0.2523397851352242	0.14879605422149966	0.30036030494101107
40	0.20771909396489224	0.25838697629457125	0.030213985983259	0.25357558714326517	0.15113034690335478	0.30113474086605
41	0.20908122240042182	0.25891974427137115	0.030213985983259	0.2550805193663906	0.15319001691675638	0.3019586088714107
42	0.21086077729200078	0.2593866028077422	0.030213985983259	0.2562339345738955	0.1554693850649208	0.3027220598897115
43	0.2120636245798273	0.25983698398400595	0.030213985983259	0.2575301535689962	0.1575839796120131	0.3035404354417031
44	0.21333238130808269	0.2602049783597337	0.030213985983259	0.25882088011072785	0.15970406661247447	0.30426543928642047
45	0.21452973614254015	0.2606443746292594	0.030213985983259	0.25982599907726783	0.16193949513368633	0.30503438275809036
46	0.21597974383197488	0.26089702748423665	0.030213985983259	0.26099589164487996	0.16403211986730232	0.30556715073489027
47	0.21720456093327767	0.26112771052573763	0.030213985983259	0.2621108596788013	0.16595997099984622	0.3062921545796076
48	0.2185996440890217	0.26144627282114374	0.030213985983259	0.2631159786453413	0.1678109277852231	0.3068249225564075
49	0.21992332535096776	0.26170991058285914	0.030213985983259	0.26416503723883383	0.16967286947733815	0.30740712261352904
50	0.221104202825318	0.26200650306478895	0.030213985983259	0.26530197508623155	0.1717160621306325	0.30802227739086496
51	0.22220818595250127	0.2624019597073621	0.030213985983259	0.26610387327811585	0.17356152646264034	0.308566030274403
52	0.22313091811850516	0.262704044642661	0.030213985983259	0.26701562053738165	0.17504998132565855	0.3091592152382626
53	0.22398774084408024	0.26295120504426917	0.030213985983259	0.2678339960893732	0.17660983808247468	0.3096919832150625
54	0.22513017114484699	0.26333018432673505	0.030213985983259	0.26859195465430497	0.17816420238592173	0.31010391721774283
55	0.22615176747149418	0.2636762088889865	0.030213985983259	0.26957510380736865	0.17965814970230903	0.31062570028780456
56	0.2272777204121537	0.2639508315574401	0.030213985983259	0.2702726453852407	0.18105872531142211	0.3111584682646044
57	0.22813454313772877	0.264176022145572	0.030213985983259	0.2710855284838632	0.18273392358898874	0.3119219192829053
58	0.22894742623635125	0.26429685611969156	0.030213985983259	0.2719423512094382	0.18431575015928114	0.3123338532855856
59	0.22981523386866445	0.264565986334776	0.030213985983259	0.2728211437484896	0.18588109936946634	0.3129599929696597
60	0.23077641320825187	0.26487905617681307	0.030213985983259	0.2736230419403739	0.1872322428982578	0.31341586659929255
61	0.23162225102708878	0.2652195882856955	0.030213985983259	0.274556759013116	0.1886822505876925	0.31400355910978317
62	0.2322978227914845	0.26542830151372016	0.030213985983259	0.2752982402179405	0.18999494694290045	0.3143550761254037
63	0.23305578135641628	0.26572489399564997	0.030213985983259	0.2762319572906826	0.19131313575147746	0.3148493969286201
64	0.23375881538765736	0.2659500845837819	0.030213985983259	0.2769899158556144	0.19230177735791024	0.3154151196256344
65	0.23434101544477887	0.2660159940242107	0.030213985983259	0.2776105630863194	0.19365292088670166	0.31587648570863636
66	0.2352967023309972	0.2662082298921282	0.030213985983259	0.27819276314344094	0.19504800404244568	0.31643671595228157
67	0.23601072126897643	0.2664608827471055	0.030213985983259	0.2790825405892304	0.19612452490278356	0.31696399147571236
68	0.2366203835929433	0.26667508842849924	0.030213985983259	0.27973614254014983	0.19733286464397917	0.3175022519058813
69	0.2373563723443988	0.26702660544411977	0.030213985983259	0.28041171430454553	0.19879385724015203	0.3179526330821451
70	0.23805940637563988	0.26718588659182285	0.030213985983259	0.2810323615352506	0.20008458378188368	0.3183975218050399
71	0.23862512907265418	0.2673891073664785	0.030213985983259	0.2817463804732298	0.20128743106971023	0.31886987279477996
72	0.23925126875672825	0.2675319111540743	0.030213985983259	0.2822846409033987	0.2025177406243821	0.3193422237845201
73	0.23982248390711164	0.2677186545686227	0.030213985983259	0.28307555418854496	0.20345145769712414	0.3197651426939385
74	0.2402783575367445	0.26795483006349274	0.030213985983259	0.2836797240591427	0.20477513895907024	0.320188061603357
75	0.2408825274073423	0.26808664894435047	0.030213985983259	0.28433881846343123	0.20569787112507415	0.3205999956060373
76	0.24128896895665355	0.26826240745216073	0.030213985983259	0.2847507524661116	0.20656567875738735	0.3210558692356702
77	0.24172287277281015	0.26838873387964934	0.030213985983259	0.2852725355361733	0.20762022980424896	0.32156666739899376
78	0.2423380275501461	0.268515060307138	0.030213985983259	0.2857998110596041	0.20866379594437243	0.32207746556231737
79	0.24283234835336248	0.2686413867346266	0.030213985983259	0.28632159412966585	0.20981171869850826	0.3225608014587956
80	0.24352988993123448	0.2688116527890678	0.030213985983259	0.2870136432541688	0.21085528483863172	0.3229617505547378
81	0.24395830129402202	0.26895994903003273	0.030213985983259	0.287650767844981	0.21188237361864798	0.32332425247709645
82	0.24448008436408375	0.26902585847046157	0.030213985983259	0.2881670584616737	0.2129753718390931	0.32376364874662217
83	0.24499637498077642	0.2691906320715337	0.030213985983259	0.2887272887053189	0.21404640024606192	0.3242524770964694
84	0.24554012786431442	0.26932245095239143	0.030213985983259	0.2893314585759167	0.21502405694575652	0.3247522903530549
85	0.24603444866753083	0.26952567172704706	0.030213985983259	0.2898916888195619	0.21594678911176043	0.32525210360964035
86	0.24641892040336577	0.26957510380736865	0.030213985983259	0.2904793813300525	0.21703978733220555	0.3256475602522135
87	0.2469626732869038	0.2697069226882264	0.030213985983259	0.29096820967989984	0.2179185798712569	0.32608695652173914
88	0.24729222048904806	0.26984423402245317	0.030213985983259	0.2914076059494255	0.21872047806314124	0.32666915657886064
89	0.24790188281301492	0.27001450007689437	0.030213985983259	0.2919458663795944	0.2198244611903245	0.32708109058154095
90	0.24845662060329107	0.27014631895775204	0.030213985983259	0.29245117208954896	0.22064283674231605	0.32758090383812644
91	0.24887953951270952	0.2703440472790386	0.030213985983259	0.29292901553265815	0.22149416701452204	0.3280752246413428
92	0.24938484522266405	0.2705143133334798	0.030213985983259	0.2933464419887075	0.22234000483335897	0.3285256058176066
93	0.24974734714502275	0.2707065492013973	0.030213985983259	0.2938078080717095	0.22310345585165983	0.32895401718039413
94	0.25023617549487004	0.2708603378957313	0.030213985983259	0.29415932508733	0.2239987257508184	0.3292615945690621
95	0.2506371245908122	0.2710251114968034	0.030213985983259	0.2945767515433794	0.2248445635696553	0.3297888700924929
96	0.25113693784739766	0.27126128699167346	0.030213985983259	0.2949941779994288	0.22581672781598083	0.33027769844234023
97	0.251471977502911	0.2713491662455786	0.030213985983259	0.2955379308829668	0.22688775622294965	0.33076652679218754
98	0.2517740624382099	0.27144803040622184	0.030213985983259	0.2960652064063976	0.2277885185754773	0.33122240042182044
99	0.25218599644089024	0.2715688643803414	0.030213985983259	0.29657051211635216	0.22866731111452865	0.3317551683986203
100	0.25251554364303447	0.27164026627413934	0.030213985983259	0.2969934310257706	0.22952962629347276	0.33217808730803877
101	0.25295493991256013	0.271689698354461	0.030213985983259	0.2972735461475932	0.23040292637915505	0.33262846848430255
102	0.2533998286354549	0.2717775776083661	0.030213985983259	0.29754267636267767	0.23118285475756312	0.3329030911527561
103	0.2537348682909682	0.27188193422237844	0.030213985983259	0.2978227914845003	0.23208361711009073	0.33332601006217455
104	0.2541358173869104	0.2721016323571413	0.030213985983259	0.2979930575389415	0.2327482039677483	0.33374892897159303
105	0.2546026759232814	0.27222246633126085	0.030213985983259	0.29835555946130016	0.23351714743941823	0.3341059384405826
106	0.2548663136849968	0.27239273238570205	0.030213985983259	0.2987510161038733	0.2341652569369686	0.3345508271634774
107	0.255113474086605	0.2725355361732979	0.030213985983259	0.299036623679065	0.2348682909682097	0.33495726871278864
108	0.2553771118483204	0.2726618626007865	0.030213985983259	0.29939363314805456	0.23569215897357032	0.33550102159632667
109	0.25578355339763165	0.27279368148164423	0.030213985983259	0.29980556715073486	0.23659841377946703	0.3359294329591142
110	0.2561735175868357	0.27285959092207307	0.030213985983259	0.30015708416635545	0.23753762330557815	0.336379814135378
111	0.2564756025221346	0.27295296262934726	0.030213985983259	0.3005415559021904	0.23830656677724807	0.3367752707779511
112	0.25682162708438605	0.2730408418832524	0.030213985983259	0.300975459718347	0.2392567612100973	0.33728606894127466
113	0.25712920447305404	0.2731506909506338	0.030213985983259	0.30145330316145613	0.2399597952413384	0.3377474350242766
114	0.2573543950611859	0.2732715249247534	0.030213985983259	0.3017663730034932	0.24072873871300832	0.3381373992134807
115	0.2575850781026869	0.27340883625898016	0.030213985983259	0.30213436737922095	0.24142078783751125	0.3386646747369115
116	0.2579585649317837	0.27354614759320695	0.030213985983259	0.30249137684821054	0.24209086714853792	0.3391644879934969
117	0.2583210668541424	0.27367247402069556	0.030213985983259	0.3028813410374146	0.24278840872640992	0.3396203616231298
118	0.25859568952259593	0.2738042929015533	0.030213985983259	0.3032713052266186	0.243491442757651	0.3401366522398225
119	0.25886481973768044	0.27393611178241095	0.030213985983259	0.3036008524287629	0.24412856734846322	0.3406144956829317
120	0.2591723971263484	0.2740679306632687	0.030213985983259	0.3039084298174308	0.24481512401959707	0.34103192213898104
121	0.2596227783026122	0.27424368917107894	0.030213985983259	0.30428740909989677	0.24555660522442163	0.34154272030230465
122	0.26002921985192345	0.27433706087835313	0.030213985983259	0.30463343366214823	0.24621569962871015	0.3420205637454138
123	0.2602983500670079	0.27441395522552015	0.030213985983259	0.3049684733176615	0.24698464310038007	0.34251488454863016
124	0.26065535953599756	0.274556759013116	0.030213985983259	0.30531999033328205	0.24790188281301492	0.34286090911088163
125	0.2608915350308676	0.2746940703473428	0.030213985983259	0.3056440450820573	0.24858843948414877	0.34340466199441966
126	0.2612210822330118	0.2748313816815695	0.030213985983259	0.3059186677505108	0.249302458422128	0.343970384691434
127	0.2616440011424303	0.275023617549487	0.030213985983259	0.30623173759254785	0.2500439396269526	0.3443823186941143
128	0.2618856690906694	0.2751609288837138	0.030213985983259	0.3065448074345849	0.2507085264846102	0.34479974515016365
129	0.26225366346639717	0.2753257024847859	0.030213985983259	0.30685787727662195	0.25141156051585123	0.34522266405958213
130	0.2624239295208384	0.27537513456510754	0.030213985983259	0.30713249994507547	0.25214205681393764	0.34565107542236967
131	0.26272601445613725	0.2755124458993343	0.030213985983259	0.3074730320539579	0.25293846255245295	0.34609047169189533
132	0.2630280993914362	0.2756827119537755	0.030213985983259	0.3077311773623042	0.2536854362106466	0.34671111892260037
133	0.2632532899795681	0.27579256102115696	0.030213985983259	0.3079948151240196	0.25445987213568555	0.3471669925522332
134	0.26353340510139067	0.27595733462222904	0.030213985983259	0.3083518245930092	0.25522332315398644	0.3476338510886043
135	0.26386295230353496	0.27611112331656307	0.030213985983259	0.30871981896873696	0.2560142364391326	0.34801832282443923
136	0.264176022145572	0.2762813893710042	0.030213985983259	0.30904387371751213	0.2565689742294088	0.3485126436276556
137	0.26451655425445436	0.2763582837181712	0.030213985983259	0.30936243601291824	0.2571951139134829	0.3490289342443483
138	0.26478019201616976	0.2765505195860887	0.030213985983259	0.3097469077487532	0.257903640398093	0.34942988334029046
139	0.26507129204473057	0.2767372630006371	0.030213985983259	0.31008194740426653	0.25857921216248875	0.3499516664103522
140	0.2653898543401367	0.27684711206801854	0.030213985983259	0.3103346002592438	0.2593975877144803	0.3506052683612716
141	0.26565898455522113	0.2770668102027814	0.030213985983259	0.3106916097282334	0.2602049783597337	0.3513083023925127
142	0.2659500845837819	0.2772315838038535	0.030213985983259	0.31098270975679415	0.26084210295054594	0.3518520552760507
143	0.26631258650614054	0.27745128193861635	0.030213985983259	0.31132324186567656	0.2614352879144056	0.35240130061295777
144	0.2665872091745941	0.27752817628578336	0.030213985983259	0.3116582815211899	0.2620449502383725	0.3530219478436628
145	0.26674649032229714	0.2776819649801173	0.030213985983259	0.311976843816596	0.26262165784212493	0.3534888063800338
146	0.26693872619021464	0.2777753366873915	0.030213985983259	0.3123887778192763	0.2632697673396753	0.35403255926357186
147	0.2672957356592043	0.27791814047498736	0.030213985983259	0.3128116967286948	0.26387942966364214	0.3545982819605862
148	0.2675923281411341	0.2780609442625832	0.030213985983259	0.31309730430388644	0.26439022782696575	0.355125557484017
149	0.2679493376101237	0.27820374805017906	0.030213985983259	0.3133554496122328	0.26505481468462333	0.3556583254608168
150	0.2682678999055298	0.2783849990113584	0.030213985983259	0.3136959817211152	0.26570292418217367	0.3561746160775095
151	0.26855899993409055	0.2785717424259068	0.030213985983259	0.3139980666564141	0.2664553902937364	0.35669090669420217
152	0.2690313509238307	0.278665114133181	0.030213985983259	0.31424522705802227	0.2672463035788826	0.35716325768394225
153	0.2692235867917481	0.2787804556539315	0.030213985983259	0.3144704176461542	0.26786145835621855	0.3577399652876947
154	0.2694158226596656	0.27892325944152735	0.030213985983259	0.314767010128084	0.2685974471076741	0.3583111804380781
155	0.2696574906079047	0.2790440934156469	0.030213985983259	0.3151075422369664	0.26932245095239143	0.35877254652108004
156	0.26982775666234593	0.27915394248302833	0.030213985983259	0.31544258189247976	0.2700364698903706	0.35925038996418923
157	0.27008590197069227	0.27931871608410047	0.030213985983259	0.31577762154799305	0.27072851901487355	0.35975020322077467
158	0.2703824944526221	0.2794175802447437	0.030213985983259	0.3161016762967682	0.2712942417118879	0.36024452402399104
159	0.2706406397609684	0.27956587648570863	0.030213985983259	0.316469670672496	0.27190390403585474	0.36082672408111255
160	0.27087681525583845	0.27975811235362613	0.030213985983259	0.31683766504822375	0.27257947580025044	0.361403431684865
161	0.27111299075070855	0.2798899312344838	0.030213985983259	0.31705736318298655	0.2731177362304194	0.36191972230155767
162	0.2714040907792693	0.27999428784849617	0.030213985983259	0.3173594481182855	0.27376584572796975	0.3623865808379287
163	0.2716787134477228	0.2801041369158776	0.030213985983259	0.3176889953204297	0.2745128193861634	0.3629138563613595
164	0.2719862908363908	0.28017004635630643	0.030213985983259	0.3180350198826812	0.2752488081376189	0.36339169980446867
165	0.27225542105147527	0.2802744029703188	0.030213985983259	0.3183975218050399	0.2760452138761342	0.3638365885273634
166	0.27260144561372673	0.2803897444910693	0.030213985983259	0.3186776369268625	0.2766658611068392	0.3643144319704726
167	0.2729694399894545	0.28053254827866514	0.030213985983259	0.31899619922226863	0.2773304479644968	0.3647043961596766
168	0.27310125887031217	0.2806533822527847	0.030213985983259	0.31931476151767474	0.27786321594129665	0.36520970186963114
169	0.27328250983149155	0.28071379923984446	0.030213985983259	0.3195948766394973	0.2784728782652635	0.3657259924863238
170	0.273474745699409	0.280911527561131	0.030213985983259	0.3198090823208911	0.2790770481358613	0.36623679064964737
171	0.2737219061010172	0.2810982709756794	0.030213985983259	0.32006173517586833	0.27969220291319724	0.36682997561350705
172	0.2740075136762089	0.28121910494979896	0.030213985983259	0.3203748050179054	0.28041720675791465	0.3674066832172595
173	0.2742162269042336	0.2814662653514072	0.030213985983259	0.32068787485994243	0.28116418041610824	0.3681207021552387
174	0.2743425533317222	0.28155963705868137	0.030213985983259	0.32091306544807435	0.28162005404574114	0.36875233429268184
175	0.27452929674627063	0.2816365314058484	0.030213985983259	0.32117670320978975	0.2822132390096008	0.369383966430125
176	0.27473251752092626	0.2817793351934442	0.030213985983259	0.3213414768108619	0.28279543906672233	0.3699112419535558
177	0.27494123074895094	0.28186721444734936	0.030213985983259	0.32162159193268447	0.2833611617637366	0.37050991937078454
178	0.27535865720500036	0.2820100182349452	0.030213985983259	0.32189621460113804	0.28405870334160865	0.37102071753410815
179	0.27547399872575085	0.28214732956917193	0.030213985983259	0.3222092844431751	0.2846354109453611	0.37155897796427706
180	0.2757760836610497	0.282229716369708	0.030213985983259	0.32252235428521214	0.2851956411890063	0.3720807610343388
181	0.27591888744864557	0.28235055034382756	0.030213985983259	0.3227914845002966	0.28575037897928246	0.37254761957070986
182	0.27620449502383726	0.282460399411209	0.030213985983259	0.3231100467957027	0.28635454884988026	0.37305292528066436
183	0.27642419315860006	0.2826636201858646	0.030213985983259	0.32337917701078717	0.2869092866401564	0.37358020080409515
184	0.2766438912933629	0.2827460069864007	0.030213985983259	0.3236153525056572	0.28749697915064704	0.37412944614100224
185	0.27688006678823296	0.2828338862403058	0.030213985983259	0.3239229298943252	0.28798031504712523	0.37467319902454027
186	0.2770668102027814	0.2830480919216996	0.030213985983259	0.3241865676560406	0.28863940945141375	0.3750137311334227
187	0.2772370762572226	0.2831799108025573	0.030213985983259	0.3244666827778632	0.2891831623349518	0.37548608212316276
188	0.27741832721840193	0.283311729683415	0.030213985983259	0.324686380912626	0.28971593031175163	0.3759584331129029
189	0.2775940857262122	0.28341059384405826	0.030213985983259	0.3250324054748775	0.29039699452951645	0.37650218599644086
190	0.2777423819671771	0.2834984730979634	0.030213985983259	0.325301535689962	0.2909901794933761	0.37704044642660983
191	0.2779456027418327	0.2836907089658809	0.030213985983259	0.32555968099830834	0.2916712437111409	0.3775787068567788
192	0.2781158687962739	0.28384449766021486	0.030213985983259	0.3258507810268691	0.29225893622163146	0.3780016257661972
193	0.2782367027703935	0.2839488542742272	0.030213985983259	0.3261803282290133	0.29294549289276534	0.37851242392952084
194	0.27846738581189445	0.28407518070171583	0.030213985983259	0.3264494584440978	0.29352769294988684	0.37903969945295163
195	0.278742008480348	0.2841960146758354	0.030213985983259	0.3267076037524441	0.2941483401805919	0.3794790957224773
196	0.27897818397521806	0.2843498033701694	0.030213985983259	0.32717995474218425	0.2946701232506536	0.38005580332622974
197	0.27916492738976645	0.2844651448909199	0.030213985983259	0.32742162269042335	0.29521387613419164	0.38051167695586263
198	0.27932420853746953	0.2846244260386229	0.030213985983259	0.3276083661049718	0.2957466441109915	0.3810279675725553
199	0.2795384142188633	0.2848660939868621	0.030213985983259	0.32789946613353255	0.2964332007821254	0.3814948261089263
200	0.27959883120592305	0.2849320034272909	0.030213985983259	0.3281466265351407	0.29694399894544893	0.3819726695520355
201	0.27975261990025707	0.2851407166553156	0.030213985983259	0.32842674165696334	0.2977294197772261	0.3823516488345014
202	0.2799448557681745	0.2853219676164949	0.030213985983259	0.32869037941867874	0.29830612738097856	0.38288990926467037
203	0.2803238350506404	0.2854373091372454	0.030213985983259	0.32898697190060855	0.2987729859173496	0.3833128281740888
204	0.28049959355845067	0.2856295450051629	0.030213985983259	0.3293220115561219	0.2993167388008876	0.3839938923918536
205	0.28066985961289187	0.28575037897928246	0.030213985983259	0.32956917195773006	0.2999813256585452	0.3844277962080102
206	0.2809170200145001	0.2859865544741525	0.030213985983259	0.329794362545862	0.30064042006283365	0.38490563965111935
207	0.28116418041610824	0.2861568205285937	0.030213985983259	0.330030538040732	0.3011786804930026	0.3853999604543357
208	0.28143331063119276	0.2863600413032493	0.030213985983259	0.33025023617549487	0.3018542522573983	0.38594371333787375
209	0.2817848276468133	0.2865357998110596	0.030213985983259	0.33051936639057933	0.3024639145813652	0.3864380341410901
210	0.2819550937012545	0.2866895885053936	0.030213985983259	0.3307390645253422	0.3031230089856537	0.386965309664521
211	0.2821198673023266	0.2868653470132039	0.030213985983259	0.33098622492695035	0.3037821033899422	0.38743766065426105
212	0.2823340729837204	0.2869916734406925	0.030213985983259	0.3312828174088802	0.3043313487268493	0.3879814135377991
213	0.28260320319880483	0.2870795526945976	0.030213985983259	0.33159588725091727	0.304924533690709	0.38854713623481335
214	0.28281740888019863	0.28718940176197905	0.030213985983259	0.33185403255926355	0.3056165828152119	0.38914032119867303
215	0.2830645692818068	0.28728277346925324	0.030213985983259	0.3322110420282532	0.3063525715666674	0.38967858162884195
216	0.2832018806160336	0.28745303952369444	0.030213985983259	0.3324746797899686	0.30690730935694355	0.3902168420590109
217	0.28343256365753455	0.2876123206713975	0.030213985983259	0.3327602873651603	0.3073686754399455	0.39074961003581077
218	0.28367423160577365	0.287727662192148	0.030213985983259	0.3329305534196015	0.308027769844234	0.39121646857218184
219	0.28390491464727463	0.28789792824658916	0.030213985983259	0.33322165344816224	0.308566030274403	0.3917492365489817
220	0.2840202561680251	0.2881395961948283	0.030213985983259	0.3334578289430323	0.3092031548652152	0.39226552716567437
221	0.28416305995562097	0.28832084715600764	0.030213985983259	0.3337544214249621	0.30975789265549136	0.39287518948964123
222	0.28430037128984775	0.28845266603686537	0.030213985983259	0.3341059384405826	0.3102357360986005	0.39344091218665556
223	0.2844651448909199	0.28862842454467563	0.030213985983259	0.33442999318935784	0.3107520267152932	0.3940505745106224
224	0.28461893358525386	0.2888261528659622	0.030213985983259	0.3346661686842279	0.31138365885273633	0.3945998198475295
225	0.284706812839159	0.2889854340136652	0.030213985983259	0.3349243139925742	0.31209767779071557	0.3950941406507459
226	0.2848551090801239	0.2891392227079992	0.030213985983259	0.33514950458070614	0.3126304457675154	0.3955994463607004
227	0.2850253751345651	0.28932596612254763	0.030213985983259	0.3354735593294813	0.313295032625173	0.39615967660434565
228	0.2851407166553156	0.289512709537096	0.030213985983259	0.335682272557506	0.31373442889469866	0.3966320275940857
229	0.2854482940439836	0.289589603884263	0.030213985983259	0.33597337258606674	0.31449787991299955	0.3970219917832898
230	0.2855361732978887	0.28975437748533517	0.030213985983259	0.3362040556275677	0.3151844365841334	0.3975492673067206
231	0.2856515148186392	0.28993013599314543	0.030213985983259	0.3365610650965573	0.31562932530702814	0.39807654283015137
232	0.2859316299404618	0.29003449260715775	0.030213985983259	0.33684118021837994	0.3162005404574115	0.39853241645978427
233	0.2861458356218556	0.2901058945009557	0.030213985983259	0.3370938330733572	0.31685414240833093	0.399054199529846
234	0.28626666959597513	0.2901772963947536	0.030213985983259	0.3373629632884417	0.3173594481182855	0.399521058066217
235	0.28637651866335656	0.2902651756486587	0.030213985983259	0.3376650482237406	0.31791418590856163	0.399982424149219
236	0.2865357998110596	0.29032010018234944	0.030213985983259	0.33783531427818175	0.3186611595667553	0.40052068457938794
237	0.2866676186919173	0.29045191906320716	0.030213985983259	0.3379781180657776	0.31915548036997166	0.4010534525561878
238	0.28685985455983476	0.290594722850803	0.030213985983259	0.33828020300107653	0.3197541577872004	0.401531295999297
239	0.2870465979743832	0.2907594964518751	0.030213985983259	0.3385108860425775	0.3203143880308456	0.4021464507766329
240	0.28722235648219346	0.29090779269284006	0.030213985983259	0.3387525539908166	0.320885603181229	0.4025364149658369
241	0.2872882659226223	0.2910780587472812	0.030213985983259	0.3390052068457939	0.3215227277720412	0.4029593338752554
242	0.28747500933717074	0.291215370081508	0.030213985983259	0.3392688446075093	0.32212140518926996	0.4035085792121625
243	0.2877056923786717	0.2913307116022585	0.030213985983259	0.33957642199617727	0.32260474108574816	0.4041127490827603
244	0.2878594810730057	0.2914240833095327	0.030213985983259	0.3398125974910473	0.3231649713293934	0.4046125623393457
245	0.2879858075004943	0.29162181163081924	0.030213985983259	0.3401146824263462	0.3237306940264077	0.4051178680493003
246	0.2881780433684118	0.29173715315156973	0.030213985983259	0.34033438056110904	0.3244007733374344	0.40561218885251665
247	0.28824395280884063	0.29190192675264187	0.030213985983259	0.3406694202166224	0.3249610035810796	0.40611749456247115
248	0.28835380187622206	0.2920447305402377	0.030213985983259	0.34099347496539756	0.32559263571852276	0.40650196629830615
249	0.2885350528374014	0.29220401168794075	0.030213985983259	0.3412461278203748	0.3261034338818463	0.40701825691499877
250	0.2886668717182591	0.2923687852890129	0.030213985983259	0.3415152580354593	0.3265373376980029	0.40747413054463166
251	0.2887931981457477	0.292456664542918	0.030213985983259	0.34172946371685303	0.32702616604785023	0.40803436078827693
252	0.2889305094799745	0.29262143814399016	0.030213985983259	0.3421084429993189	0.32759188874486456	0.40859459103192214
253	0.289122745347892	0.29275325702484783	0.030213985983259	0.3423610958542962	0.3280312850143902	0.40905046466155504
254	0.28922160950853526	0.29284113627875297	0.030213985983259	0.34263022606938065	0.32862996243161896	0.4096216798119384
255	0.2893863831096074	0.29297844761297975	0.030213985983259	0.34291583364457234	0.3292451172089549	0.41000615154777337
256	0.28960608124437026	0.29315420612079	0.030213985983259	0.3431465166860733	0.329794362545862	0.4105279346178351
257	0.2897763472988114	0.2932530702814333	0.030213985983259	0.34346507898147943	0.3302667135356021	0.41106619504800407
258	0.2899356284465145	0.29337939670892194	0.030213985983259	0.34370125447634947	0.33075554188544937	0.41148362150405343
259	0.2900619548740031	0.29351121558977966	0.030213985983259	0.34397587714480304	0.33129380231561834	0.41184612342641214
260	0.29029813036887314	0.2936540193773755	0.030213985983259	0.34421754509304214	0.3317002438649296	0.412378891403212
261	0.29046839642331435	0.2938187929784476	0.030213985983259	0.3444537205879122	0.3322330118417295	0.41281828767273765
262	0.2906441549311246	0.29396159676604344	0.030213985983259	0.34471735834962763	0.33274381000505304	0.41321374431531077
263	0.2907594964518751	0.29411538546037747	0.030213985983259	0.34492057912428326	0.3331941911813169	0.41373003493200344
264	0.2909187775995782	0.29423072698112795	0.030213985983259	0.34520618669947495	0.3337159742513786	0.4142078783751126
265	0.29103961157369773	0.2943515609552475	0.030213985983259	0.34546982446119034	0.33425972713491664	0.4146582595513764
266	0.29133620405562755	0.2944778873827361	0.030213985983259	0.3457389546762748	0.33478700265834743	0.41521848979502163
267	0.29153942483028317	0.2946316760770701	0.030213985983259	0.34595316035766854	0.33522090647450403	0.4157347804117143
268	0.2917041984313553	0.2948348968517257	0.030213985983259	0.3462277830261221	0.33567678010413693	0.4162126238548235
269	0.29191291165938	0.29492826855899995	0.030213985983259	0.34649691324120657	0.33608871410681723	0.4167014522046708
270	0.2920227607267614	0.29509853461344115	0.030213985983259	0.34669464156249313	0.3367313311509985	0.41706395412702946
271	0.29213260979414285	0.2952358459476679	0.030213985983259	0.3470626359382209	0.3371432651536789	0.4176791089043654
272	0.292297383395215	0.29537315728189467	0.030213985983259	0.3472438868994002	0.3376595557703715	0.4182338466946416
273	0.29247314190302526	0.2954500516290617	0.030213985983259	0.3474306303139486	0.3381813388404332	0.41872267504448885
274	0.29260496078388293	0.29561482523013377	0.030213985983259	0.3476008963683898	0.3386427049234352	0.41921150339433616
275	0.2927807192916932	0.2957576290177296	0.030213985983259	0.34776566996946195	0.3391644879934969	0.41966737702396906
276	0.2928960608124437	0.29591141771206364	0.030213985983259	0.34791396621042686	0.33958191444954633	0.4200848034800185
277	0.29304435705340864	0.29607069885976667	0.030213985983259	0.34814464925192784	0.3401531295999297	0.4205626469231276
278	0.29313772876068284	0.2962025177406244	0.030213985983259	0.34841377946701235	0.3406144956829317	0.4209306412988554
279	0.2933134872684931	0.29628490454116047	0.030213985983259	0.34863347760177515	0.34107586176593363	0.42135356020827386
280	0.29358261748357756	0.2963892611551728	0.030213985983259	0.3488147285629545	0.3415372278489356	0.4218094338379067
281	0.2937144363644353	0.29656501966298304	0.030213985983259	0.34907836632466993	0.3419821165718303	0.4222103829338489
282	0.293851747698662	0.29671880835731707	0.030213985983259	0.34925961728584926	0.3424544675615704	0.4226387942966364
283	0.2939725816727816	0.29688358195838915	0.030213985983259	0.34947931542061206	0.34286640156425074	0.42302875848584043
284	0.29405496847331763	0.297026385745985	0.030213985983259	0.34979787771601817	0.34340466199441966	0.42345716984862797
285	0.29413186282048465	0.2970922951864139	0.030213985983259	0.34991321923676866	0.34393193751785045	0.4238141793176176
286	0.29430212887492585	0.29721312916053344	0.030213985983259	0.3502098117186985	0.3443438715205308	0.4242425906804051
287	0.2944119779423073	0.2973010084144386	0.030213985983259	0.350402047586616	0.3448107300569018	0.4246160775095019
288	0.2946371685304392	0.29739438012171276	0.030213985983259	0.35062174572137883	0.34520618669947495	0.42505547377902764
289	0.2948184194916185	0.2975756310828921	0.030213985983259	0.3508743985763561	0.3457499395830129	0.42548937759518424
290	0.2950051629061669	0.2976854801502735	0.030213985983259	0.3510391721774282	0.3462497528395984	0.4258683568776501
291	0.2951205044269174	0.29781180657776213	0.030213985983259	0.3512863325790364	0.3467221038293385	0.42633521541402114
292	0.2952688006678823	0.2979491179119889	0.030213985983259	0.35148955335369203	0.3470516510314827	0.42667025506953443
293	0.29541160445547815	0.298031504712525	0.030213985983259	0.35171474394182395	0.3474306303139486	0.4269558626447261
294	0.2955599006964431	0.29813586132653735	0.030213985983259	0.35195641189006305	0.34782608695652173	0.427334841927192
295	0.29580706109805127	0.2982731726607641	0.030213985983259	0.35219807983830215	0.3483204077597381	0.4277742381967177
296	0.29601577432607595	0.2983500670079311	0.030213985983259	0.352340883625898	0.3488147285629545	0.42812575521233825
297	0.29617505547377904	0.29852582551574136	0.030213985983259	0.352494672320232	0.34938594371333787	0.4285486741217567
298	0.2962903969945295	0.2987125689302898	0.030213985983259	0.3527033855482567	0.34991321923676866	0.42890019113737726
299	0.2964112309686491	0.2988938198914691	0.030213985983259	0.35287914405606696	0.3503306456928181	0.42925720060636685
300	0.29651558758266144	0.29898169914537426	0.030213985983259	0.35302744029703187	0.35079201177582003	0.42963617988883274
301	0.29667486873036447	0.29905859349254127	0.030213985983259	0.3533295252323308	0.35116549860491686	0.4300810686117275
302	0.29682865742469844	0.299195904826768	0.030213985983259	0.3535711931805699	0.3516323571412879	0.4304710328009315
303	0.2969879385724015	0.2993112463475185	0.030213985983259	0.3537799064085946	0.35211569303776613	0.43075114792275415
304	0.29715271217347367	0.29943757277500715	0.030213985983259	0.35397763472988114	0.3524617176000176	0.4311466045653272
305	0.29726805369422415	0.2995913614693411	0.030213985983259	0.3541314234242151	0.35287914405606696	0.43157501592811476
306	0.29739438012171276	0.29971768789682973	0.030213985983259	0.3542357800382275	0.3533295252323308	0.4320034272909023
307	0.2974712744688798	0.2999044313113782	0.030213985983259	0.3544994177999429	0.35379089131533276	0.4324263462003208
308	0.2975976008963684	0.3001076520860338	0.030213985983259	0.35475207065492015	0.3541918404112749	0.4328712349232155
309	0.2977678669508096	0.30026144078036776	0.030213985983259	0.3550102159632665	0.3546477140409078	0.43319528967199067
310	0.29793264055188173	0.3003493200342729	0.030213985983259	0.35519695937781487	0.3550102159632665	0.4334973746072896
311	0.2980974141529538	0.30049212382186874	0.030213985983259	0.35540567260583955	0.355361732978887	0.4338488916229101
312	0.29822923303381155	0.30064042006283365	0.030213985983259	0.35561987828723335	0.35574620471472196	0.43426082562559043
313	0.2983610519146692	0.30075576158358414	0.030213985983259	0.3558505613287343	0.35618010853087856	0.43457938792099654
314	0.29847090098205065	0.300821671024013	0.030213985983259	0.3559933651163302	0.35660302744029704	0.4350187841905222
315	0.2985642726893249	0.3008820880110728	0.030213985983259	0.3561141990904497	0.3570424237098227	0.4355131049937386
316	0.29866313684996815	0.30098095217171605	0.030213985983259	0.3563448821319507	0.3574598501658721	0.43591405408968076
317	0.2989157897049454	0.3010633389722521	0.030213985983259	0.35650965573302285	0.3578937539820287	0.4362710635586704
318	0.2990476085858031	0.3011567106795263	0.030213985983259	0.3567897708548454	0.3582397785442802	0.43662807302766
319	0.2991794274666608	0.301206142759848	0.030213985983259	0.3569490520025485	0.3587011446272821	0.4370454994837094
320	0.29930026144078037	0.3013324691873366	0.030213985983259	0.357141287870466	0.35910209372322427	0.437479403299866
321	0.2994320803216381	0.3015356899619922	0.030213985983259	0.3572676142979546	0.3594426258321067	0.43780895050201024
322	0.29953094448228135	0.3016565239361118	0.030213985983259	0.3574378803523958	0.35991497682184675	0.4381549750642617
323	0.29964628600303184	0.30179383527033854	0.030213985983259	0.3576465935804205	0.36029944855768176	0.43844607509282246
324	0.29971768789682973	0.30189269943098185	0.030213985983259	0.35781136718149265	0.36074982973394554	0.438797592108443
325	0.29979458224399674	0.3020355032185777	0.030213985983259	0.35799261814267197	0.3611507788298877	0.4391161544038491
326	0.3000142803787596	0.3022057692730189	0.030213985983259	0.358151899290375	0.36150229584550825	0.43947316387283875
327	0.30010215963266473	0.30222773908649514	0.030213985983259	0.35831667289144714	0.3618373355010216	0.4398246808884593
328	0.3002669332337368	0.30234308060724563	0.030213985983259	0.35841553705209045	0.36227673177054726	0.44012676582375815
329	0.3004866313684997	0.30237603532746005	0.030213985983259	0.35860228046663883	0.36258430915921525	0.44046729793264056
330	0.3005305709954523	0.3024639145813652	0.030213985983259	0.3587615616143419	0.36290287145462136	0.44077487532130855
331	0.3007008370498934	0.3026286881824373	0.030213985983259	0.3589592899356284	0.3632873431904563	0.4411483621504053
332	0.3008271634773821	0.30271656743634245	0.030213985983259	0.3590746314563789	0.3636168903926006	0.44156578860645473
333	0.3008820880110728	0.30285387877056924	0.030213985983259	0.35923940505745106	0.36394094514137576	0.4418788584484918
334	0.3010303842520377	0.30296372783795067	0.030213985983259	0.3593822088450469	0.3643254168772107	0.44218094338379066
335	0.3011676955862645	0.3030076674649032	0.030213985983259	0.3595085352725355	0.36467693389283123	0.4425324603994112
336	0.3012006503064789	0.3031559637058681	0.030213985983259	0.3596897862337149	0.36502845090845176	0.442905947228508
337	0.3013709163609201	0.30328778258672584	0.030213985983259	0.3598380824746798	0.3654403849111321	0.44325746424412854
338	0.3015027352417778	0.3033701693872619	0.030213985983259	0.3600467957027045	0.3657259924863238	0.4435101170991058
339	0.30160709185579015	0.3034415712810598	0.030213985983259	0.36016213722345497	0.36609947931542064	0.44384515675461916
340	0.3017883428169695	0.303611837335501	0.030213985983259	0.3603324032778962	0.3665059208647319	0.44409780960959644
341	0.30190917679108903	0.30372168640288244	0.030213985983259	0.3604312674385394	0.36692334732078125	0.44441087945163343
342	0.3020519805786849	0.3038040732034185	0.030213985983259	0.3606125183997188	0.3673847134037832	0.4446305775863963
343	0.3021288749258519	0.3038974449106927	0.030213985983259	0.360705890106993	0.3677252455126656	0.4450644814025529
344	0.3022057692730189	0.3039413845376453	0.030213985983259	0.36081573917437443	0.3681371795153459	0.44541050596480436
345	0.30230463343366215	0.30400729397807413	0.030213985983259	0.36095305050860116	0.3684227870905376	0.4457620229804249
346	0.30239800514093634	0.30411165059208645	0.030213985983259	0.3610409297625063	0.3688731682668014	0.4461025550893073
347	0.3024639145813652	0.30416657512577716	0.030213985983259	0.3611288090164115	0.3692576400026364	0.44640464002460617
348	0.3025957334622229	0.30418854493925346	0.030213985983259	0.3613100599775908	0.369614649471626	0.4468110815739174
349	0.30264516554254456	0.30427093173978953	0.030213985983259	0.36141990904497223	0.36990025704681767	0.44719006085638335
350	0.30281543159698576	0.30440275062064726	0.030213985983259	0.36162312981962785	0.37011995518158053	0.4475305929652657
351	0.3028923259441527	0.30449612232792145	0.030213985983259	0.36172748643364017	0.37047147219720106	0.4477557835533976
352	0.30298020519805785	0.3045949864885647	0.030213985983259	0.36191972230155767	0.3708943911066195	0.44803589867522026
353	0.30307906935870116	0.304616956302041	0.030213985983259	0.3620680185425226	0.3712514005756091	0.4483105213436738
354	0.30319441087945165	0.3046389261155173	0.030213985983259	0.36220532987674936	0.3715425006041699	0.4486126062789727
355	0.30326581277324954	0.30466089592899354	0.030213985983259	0.3623481336643452	0.3718390930860997	0.4488982138541644
356	0.30334270712041655	0.3047542676362678	0.030213985983259	0.3624579827317266	0.3721466704747677	0.44915635916251073
357	0.30341960146758357	0.3048696091570183	0.030213985983259	0.362567831799108	0.3724652327701738	0.4494035195641189
358	0.3034964958147505	0.30502339785135224	0.030213985983259	0.3626666959597513	0.37276731770547267	0.44969461959267965
359	0.303611837335501	0.3050947997451502	0.030213985983259	0.36280949974734716	0.373025463013819	0.45000219698134764
360	0.3037381637629897	0.30522661862600786	0.030213985983259	0.3629138563613595	0.3733110705890107	0.4503262517301228
361	0.3038095656567876	0.3052760507063295	0.030213985983259	0.363106092229277	0.37358569325746427	0.45065579893226704
362	0.30401827888481225	0.3054078695871872	0.030213985983259	0.36323791111013465	0.3738548234725487	0.4508590197069227
363	0.3041061581387174	0.30553419601467585	0.030213985983259	0.3633697299909924	0.37415141595447854	0.4511226574686381
364	0.3041720675791463	0.30556715073489027	0.030213985983259	0.3635345035920645	0.37443153107630117	0.4513643254168772
365	0.30423248456620605	0.3056001054551047	0.030213985983259	0.3636992771931366	0.3747720631851836	0.4515730386449019
366	0.3042983940066349	0.3056879847090098	0.030213985983259	0.363803633807149	0.37511259529406593	0.45190807830041524
367	0.30447415251444515	0.305781356416284	0.030213985983259	0.3639354526880067	0.3754091877759958	0.45217171606213064
368	0.3045620317683503	0.30581431113649843	0.030213985983259	0.36407276402223343	0.37574971988487815	0.45244633873058415
369	0.3046883581958389	0.30586923567018914	0.030213985983259	0.3641881055429839	0.3761286991673441	0.45271546894566866
370	0.3047487751828987	0.3059735922842015	0.030213985983259	0.36431992442384165	0.37636487466221413	0.4529186897203243
371	0.3048091921699585	0.3060999187116901	0.030213985983259	0.36446822066480655	0.376666959597513	0.45317134257530156
372	0.30490805633060175	0.3061713206054881	0.030213985983259	0.3645341301052354	0.3769855218929191	0.45339104071006436
373	0.305006920491245	0.3062042753257025	0.030213985983259	0.3646494716259859	0.37725465210800363	0.4536107388448272
374	0.30507832238504295	0.3062976470329767	0.030213985983259	0.36477579805347454	0.3775347672298262	0.45386888415317356
375	0.30517169409231715	0.3063910187402509	0.030213985983259	0.36489113957422503	0.3778588219786014	0.4541215370081508
376	0.3052815431596986	0.30644045082057253	0.030213985983259	0.36499549618823734	0.3782323088076982	0.4543247577828064
377	0.3053584375068656	0.3065228376211086	0.030213985983259	0.36514379242920225	0.3785398861963662	0.45456642573104555
378	0.3054133620405563	0.3065997319682756	0.030213985983259	0.3652536414965837	0.3788145088648197	0.45484104839949907
379	0.3055232111079377	0.30662170178175185	0.030213985983259	0.3654074301909177	0.37907814662653516	0.45513764088142894
380	0.305622075268581	0.3066711338620735	0.030213985983259	0.36554474152514443	0.3794186787354175	0.4553243842959773
381	0.30570446206911706	0.3067645055693477	0.030213985983259	0.36573697739306193	0.37970977876397827	0.45560449941779996
382	0.30580881868312937	0.3068249225564075	0.030213985983259	0.36594019816771756	0.38006129577959885	0.4558955994463607
383	0.30593514511061803	0.30689083199683637	0.030213985983259	0.36607750950194434	0.38023156183404005	0.4561372673945998
384	0.3060669639914757	0.3069951886108487	0.030213985983259	0.36617088120921854	0.38039633543511214	0.4563514730759936
385	0.3061493507920118	0.307094052771492	0.030213985983259	0.3662697453698618	0.38065997319682754	0.45657666366412547
386	0.3062591998593932	0.3072093942922425	0.030213985983259	0.3663466397170288	0.3808686864248523	0.45675791462530485
387	0.3063525715666674	0.3072313641057187	0.030213985983259	0.3664784585978865	0.3811433090933058	0.457005075026913
388	0.3063910187402509	0.3073576905332074	0.030213985983259	0.36656633785179166	0.38134103741459235	0.45718632598809233
389	0.30655029988795396	0.30740712261352904	0.030213985983259	0.36667618691917303	0.381544258189248	0.4573510995891645
390	0.306555792341323	0.30749500186743417	0.030213985983259	0.3667915284399235	0.3817914185908562	0.45755981281718916
391	0.3066601489553354	0.30756640376123207	0.030213985983259	0.3668958850539359	0.38202759408572623	0.45779598831205925
392	0.3067645055693477	0.3076432981083991	0.030213985983259	0.36695630204099566	0.3823296790210251	0.4580486411670365
393	0.30685238482325283	0.3077311773623042	0.030213985983259	0.3670222114814245	0.3825383922490498	0.45826284684843027
394	0.3069237867170508	0.3078465188830547	0.030213985983259	0.3670771360151152	0.38271415075686005	0.45839466572928794
395	0.3070116659709559	0.3078959509633763	0.030213985983259	0.367137553002175	0.383093130039326	0.4585923940505745
396	0.30711053013159917	0.3079398905903289	0.030213985983259	0.36721993980271106	0.3833347979875651	0.4588450469055518
397	0.3071434848518136	0.3079948151240196	0.030213985983259	0.3672748643364018	0.38356548102906607	0.4591251620273744
398	0.3072313641057187	0.30806072456444844	0.030213985983259	0.36737922095041414	0.3838620735109959	0.4594217545093042
399	0.30730276599951667	0.3081211415515082	0.030213985983259	0.3675000549245337	0.38407078673902056	0.4596194828305908
400	0.3074235999736362	0.30820902080541335	0.030213985983259	0.3676373662587605	0.3842959773271525	0.45983368851198453
401	0.30748950941406505	0.30827493024584224	0.030213985983259	0.3677746775929872	0.3845596150888679	0.4599929696596876
402	0.3075828811213393	0.308335347232902	0.030213985983259	0.367911988927214	0.38480128303710703	0.4601687281674979
403	0.30762682074829184	0.30841773403343803	0.030213985983259	0.3680273304479645	0.38513083023925127	0.46035547158204626
404	0.3076982226420898	0.30847265856712874	0.030213985983259	0.36822505876925105	0.3854658698947646	0.4605422149965947
405	0.3077641320825186	0.30854955291429575	0.030213985983259	0.3683458927433706	0.38572950765648	0.4607838829448338
406	0.30780807170947116	0.3085989849946174	0.030213985983259	0.3684941889843355	0.38591075861765933	0.46100358107959666
407	0.30784102642968564	0.3086209548080937	0.030213985983259	0.36860403805171693	0.38611397939231495	0.4612068018542523
408	0.3079179207768526	0.3086813717951535	0.030213985983259	0.36876331919942	0.3862897379001252	0.4614484698024914
409	0.30798932267065054	0.3087033416086297	0.030213985983259	0.368917107893754	0.3864435265944592	0.46166816793725424
410	0.30808269437792474	0.3087747435024277	0.030213985983259	0.3690434343212426	0.38664125491574575	0.46198673023266035
411	0.3081486038183536	0.3088955774765472	0.030213985983259	0.36905991168134983	0.38685546059713954	0.4622174132741613
412	0.308181558538568	0.3089340246501307	0.030213985983259	0.36918623810883844	0.3871465606257003	0.4623931717819716
413	0.30828591515258036	0.3089889491838214	0.030213985983259	0.3692905947228508	0.38728936441329614	0.4625634378364128
414	0.30841224158006897	0.3090548586242503	0.030213985983259	0.369383966430125	0.38744864556099917	0.4627501812509612
415	0.3084671661137597	0.3090823208910956	0.030213985983259	0.3694993079508755	0.3876353889755476	0.46295889447898586
416	0.3085440604609267	0.3092525869455368	0.030213985983259	0.36955972493793526	0.38788254937715577	0.46315113034690336
417	0.3086209548080937	0.3093349737460729	0.030213985983259	0.36971900608563835	0.38806380033833515	0.4633104114946064
418	0.3086923567018916	0.3093789133730255	0.030213985983259	0.3698013928861744	0.38830546828657425	0.46353010962936925
419	0.3087472812355823	0.3094448228134543	0.030213985983259	0.3698947645934486	0.3885086890612299	0.46370037568381045
420	0.3088076982226421	0.3094832699870378	0.030213985983259	0.3699551815805084	0.3886679702089329	0.4639145813652042
421	0.3089450095568689	0.30957664169431204	0.030213985983259	0.37005404574115164	0.388904145703803	0.4640738625129073
422	0.3090164114506668	0.3096205813212646	0.030213985983259	0.37010897027484235	0.38915130610541115	0.4642660983808247
423	0.3090713359843575	0.30965902849484805	0.030213985983259	0.37018586462200936	0.38945888349407914	0.4644253795285278
424	0.3091592152382626	0.30967001340158623	0.030213985983259	0.370235296702331	0.3896346420018894	0.46462310784981437
425	0.3092196322253224	0.30970296812180065	0.030213985983259	0.37029022123602173	0.389760968429378	0.4647274644638267
426	0.309263571852275	0.3097688775622295	0.030213985983259	0.37036162312981963	0.3899312344838192	0.4648812531581607
427	0.3092855416657513	0.3098238020959202	0.030213985983259	0.3704000703034031	0.3901015005382604	0.46505701166597097
428	0.30938440582639454	0.30989520398971815	0.030213985983259	0.37047147219720106	0.3902607816859635	0.4652217852670431
429	0.30941736054660895	0.3099720983368851	0.030213985983259	0.3706307533449041	0.3905244194476789	0.4653975437748534
430	0.30946130017356155	0.31009842476437377	0.030213985983259	0.3707296175055474	0.3907276402223345	0.4655787947360327
431	0.3095162247072522	0.31013687193795725	0.030213985983259	0.37079003449260717	0.39087593646329943	0.4657655381505811
432	0.3095711492409429	0.3101643342048026	0.030213985983259	0.37086143638640506	0.39106817233121693	0.4659358042050223
433	0.3096425511347409	0.3102467210053387	0.030213985983259	0.3709493156403102	0.3912549157457653	0.46611705516620167
434	0.309653536041479	0.31032910780587475	0.030213985983259	0.37098776281389373	0.3913482874530395	0.4662873212206428
435	0.30979633982907484	0.3103895247929345	0.030213985983259	0.3710481798009535	0.3916009403080168	0.4663861853812861
436	0.30991168134982533	0.31047740404683966	0.030213985983259	0.37111408924138234	0.3917821912691961	0.46655095898235827
437	0.31001054551046864	0.31052683612716125	0.030213985983259	0.3711854911351803	0.39196893468374455	0.4667541797570139
438	0.31006547004415935	0.31057077575411385	0.030213985983259	0.3712514005756091	0.3921831403651383	0.46688599863787156
439	0.31020827383175514	0.31069710218160246	0.030213985983259	0.3713447722828833	0.39244128567348463	0.46718259111980137
440	0.31028516817892215	0.3107520267152932	0.030213985983259	0.37144363644352657	0.3926060592745568	0.46733088736076633
441	0.3103126304457675	0.31077399652876947	0.030213985983259	0.3715315156974317	0.39286969703627217	0.4675176307753147
442	0.310351077619351	0.3108728606894127	0.030213985983259	0.3715644704176462	0.393012500823868	0.46764395720280333
443	0.3104060021530417	0.31092778522310344	0.030213985983259	0.3716139024979678	0.39319375178504734	0.46780873080387547
444	0.3104389568732561	0.31101566447700857	0.030213985983259	0.37165784212492037	0.39332007821253595	0.4679570270448404
445	0.31053232858053037	0.3111364984511282	0.030213985983259	0.37171825911198014	0.3935068216270844	0.4681218006459125
446	0.3105542983940066	0.311202407891557	0.030213985983259	0.3717621987389327	0.39364962541468024	0.46824812707340113
447	0.3105982380209592	0.31126831733198584	0.030213985983259	0.37187754025968317	0.39395720280334817	0.46835797614078256
448	0.3106202078344355	0.3113507041325219	0.030213985983259	0.3719983742338028	0.3940780367774678	0.4685227497418547
449	0.3106311927411736	0.31140013621284357	0.030213985983259	0.37206977612760067	0.39423182547180174	0.4686490761693433
450	0.3106806248214953	0.31143858338642705	0.030213985983259	0.37213019311466045	0.39436364435265947	0.46883032713052264
451	0.3106806248214953	0.31144956829316517	0.030213985983259	0.3721356855680295	0.3943856141661357	0.46883032713052264
452	0.31071907199507875	0.31146055319990334	0.030213985983259	0.3721576553815058	0.3943911066195048	0.46883032713052264
453	0.3107465342619241	0.31147153810664147	0.030213985983259	0.37216314783487486	0.394407583979612	0.46883032713052264
454	0.31075751916866223	0.31147153810664147	0.030213985983259	0.37217413274161304	0.394407583979612	0.46883032713052264
455	0.31075751916866223	0.31147153810664147	0.030213985983259	0.37217413274161304	0.394407583979612	0.46883032713052264
456	0.3107685040754004	0.31149350792011776	0.030213985983259	0.37217413274161304	0.394407583979612	0.46883032713052264
457	0.31077948898213853	0.31149350792011776	0.030213985983259	0.37218511764835116	0.394407583979612	0.46883032713052264
458	0.31077948898213853	0.31149350792011776	0.030213985983259	0.37218511764835116	0.394407583979612	0.46883032713052264
459	0.31077948898213853	0.31149350792011776	0.030213985983259	0.37218511764835116	0.394407583979612	0.46883032713052264
460	0.31077948898213853	0.31149350792011776	0.030213985983259	0.37218511764835116	0.394407583979612	0.46883032713052264
461	0.31077948898213853	0.31149350792011776	0.030213985983259	0.37218511764835116	0.394407583979612	0.46883032713052264
462	0.31077948898213853	0.31149350792011776	0.030213985983259	0.37218511764835116	0.394407583979612	0.46883032713052264
463	0.31077948898213853	0.31149350792011776	0.030213985983259	0.37218511764835116	0.394407583979612	0.46883032713052264
464	0.31077948898213853	0.31149350792011776	0.030213985983259	0.37218511764835116	0.394407583979612	0.46883032713052264
465	0.31077948898213853	0.31149350792011776	0.030213985983259	0.37218511764835116	0.394407583979612	0.46883032713052264
466	0.31077948898213853	0.31149350792011776	0.030213985983259	0.37218511764835116	0.394407583979612	0.46883032713052264
467	0.31077948898213853	0.31149350792011776	0.030213985983259	0.37218511764835116	0.394407583979612	0.46883032713052264
468	0.31077948898213853	0.31149350792011776	0.030213985983259	0.37218511764835116	0.394407583979612	0.46883032713052264
469	0.31077948898213853	0.31149350792011776	0.030213985983259	0.37218511764835116	0.394407583979612	0.46883032713052264
470	0.31077948898213853	0.31149350792011776	0.030213985983259	0.37218511764835116	0.394407583979612	0.46883032713052264
471	0.31077948898213853	0.31149350792011776	0.030213985983259	0.37218511764835116	0.394407583979612	0.46883032713052264
472	0.31077948898213853	0.31149350792011776	0.030213985983259	0.37218511764835116	0.394407583979612	0.46883032713052264
473	0.31077948898213853	0.31149350792011776	0.030213985983259	0.37218511764835116	0.394407583979612	0.46883032713052264
474	0.31077948898213853	0.31149350792011776	0.030213985983259	0.37218511764835116	0.394407583979612	0.46883032713052264
475	0.31077948898213853	0.31149350792011776	0.030213985983259	0.3721961025550893	0.394407583979612	0.46883581958389176
476	0.31077948898213853	0.31149350792011776	0.030213985983259	0.3721961025550893	0.394407583979612	0.46883581958389176
477	0.31077948898213853	0.31149350792011776	0.030213985983259	0.3721961025550893	0.394407583979612	0.46883581958389176
478	0.31077948898213853	0.31149350792011776	0.030213985983259	0.3721961025550893	0.394407583979612	0.46883581958389176
479	0.31077948898213853	0.31149350792011776	0.030213985983259	0.3721961025550893	0.394407583979612	0.46883581958389176
480	0.31077948898213853	0.31149350792011776	0.030213985983259	0.3721961025550893	0.394407583979612	0.46883581958389176
481	0.3107904738888767	0.31149350792011776	0.030213985983259	0.3721961025550893	0.394407583979612	0.46883581958389176
482	0.3107904738888767	0.31149350792011776	0.030213985983259	0.3721961025550893	0.3944295537930883	0.46883581958389176
483	0.3107904738888767	0.31149350792011776	0.030213985983259	0.3721961025550893	0.3944515236065646	0.46883581958389176
484	0.3107904738888767	0.31149350792011776	0.030213985983259	0.3721961025550893	0.3944515236065646	0.46883581958389176
485	0.3107904738888767	0.31149350792011776	0.030213985983259	0.3721961025550893	0.3944515236065646	0.46883581958389176
486	0.3107904738888767	0.31149350792011776	0.030213985983259	0.3721961025550893	0.3944515236065646	0.46883581958389176
487	0.3107904738888767	0.31149350792011776	0.030213985983259	0.3721961025550893	0.3944515236065646	0.46883581958389176
488	0.3107904738888767	0.31149350792011776	0.030213985983259	0.3721961025550893	0.3944515236065646	0.46883581958389176
489	0.3107904738888767	0.31149350792011776	0.030213985983259	0.3721961025550893	0.3944515236065646	0.46883581958389176
490	0.3107904738888767	0.31149350792011776	0.030213985983259	0.3721961025550893	0.3944515236065646	0.46883581958389176
491	0.3107904738888767	0.31149350792011776	0.030213985983259	0.3721961025550893	0.3944515236065646	0.46883581958389176
492	0.3107904738888767	0.31149350792011776	0.030213985983259	0.3721961025550893	0.3944515236065646	0.46883581958389176
493	0.3107904738888767	0.31149350792011776	0.030213985983259	0.3721961025550893	0.3944515236065646	0.46883581958389176
494	0.3107904738888767	0.31149350792011776	0.030213985983259	0.3721961025550893	0.3944515236065646	0.46883581958389176
495	0.3107904738888767	0.31149350792011776	0.030213985983259	0.3721961025550893	0.3944515236065646	0.46883581958389176
496	0.3107904738888767	0.31149350792011776	0.030213985983259	0.3721961025550893	0.3944515236065646	0.46883581958389176
497	0.3107904738888767	0.3115044928268559	0.030213985983259	0.3721961025550893	0.3944515236065646	0.46883581958389176
498	0.3107904738888767	0.3115044928268559	0.030213985983259	0.3721961025550893	0.3944515236065646	0.46883581958389176
499	0.3108014587956148	0.3115044928268559	0.030213985983259	0.3721961025550893	0.3944515236065646	0.46883581958389176
500	0.3108014587956148	0.3115044928268559	0.030213985983259	0.3721961025550893	0.3944515236065646	0.46883581958389176
