Iteration	bike	car	freight	pt	ride	walk
0	0.0	0.0	0.0	0.0	0.0	0.0
1	0.0	0.0	0.0	0.0	0.0	0.0
2	0.0	0.0	0.0	0.0	0.0	0.0
3	0.0	0.0	0.0	0.0	0.0	0.0
4	0.11435287914405606	0.1999912120746095	0.030213985983259	0.1572434475031307	0.047377902761605556	0.22105477074499638
5	0.12685370301206142	0.21635872311444077	0.030213985983259	0.17599468330513873	0.057209394292242456	0.23527473251752093
6	0.13719599270602192	0.22651426939385286	0.030213985983259	0.18822637695805963	0.06662895182019905	0.24645736757694928
7	0.14551705956016434	0.23408836258980162	0.030213985983259	0.19691543818792978	0.07495551112771053	0.25561328734319044
8	0.1526737263000637	0.24096491420787838	0.030213985983259	0.20447854647714042	0.08347430630313948	0.2640057560911308
9	0.1597754685062724	0.24661115627128324	0.030213985983259	0.21069051123755958	0.09154272030230463	0.2712887492585188
10	0.1662840257486214	0.25119186238108837	0.030213985983259	0.2161609947931542	0.09964958147505328	0.2777533668739152
11	0.1722653074675396	0.25539358920842764	0.030213985983259	0.22147219720104577	0.10696003690928664	0.2836907089658809
12	0.17772480611639607	0.2589966386185381	0.030213985983259	0.2260529033108509	0.11440780367774678	0.2894028604697146
13	0.18311290287145462	0.26219873893270645	0.030213985983259	0.23083133774194256	0.12154799305753894	0.29446141002262893
14	0.18862183360063273	0.26516466375200476	0.030213985983259	0.23487378342157875	0.12858382582331876	0.29897071423863614
15	0.19329041896434299	0.2676966847551464	0.030213985983259	0.23823516488345015	0.13472988114330908	0.3033152448535712
16	0.19786563262077905	0.26995957554320366	0.030213985983259	0.2417173803194411	0.14104620251774064	0.30724784146582595
17	0.20178724432629566	0.27216754179757013	0.030213985983259	0.24543577125030208	0.1476371465606257	0.31086736823604366
18	0.20628007118219566	0.27412834765032845	0.030213985983259	0.24865434892457763	0.15361293582617483	0.31377836852165125
19	0.21027857723487928	0.2759847968890744	0.030213985983259	0.25176307753147176	0.15917129863567459	0.31683766504822375
20	0.21430454555440825	0.27752817628578336	0.030213985983259	0.2546685853637103	0.1640211349605642	0.31944108794516335
21	0.2178032383505064	0.2788573500010985	0.030213985983259	0.257436781861722	0.1695135883296351	0.32176988817364943
22	0.22058241975525628	0.2802194784366281	0.030213985983259	0.2600951292923523	0.17455566052244217	0.32376914119999123
23	0.22377902761605553	0.28118615022958454	0.030213985983259	0.2624019597073621	0.1794164817540699	0.3260924489751082
24	0.22653623920732913	0.28220774655623176	0.030213985983259	0.2649229958037656	0.18411802183799458	0.32808071709471187
25	0.2295021640266274	0.2831744183491882	0.030213985983259	0.2671913790451919	0.18831974866533382	0.33004701540083925
26	0.23219346617747216	0.2841246127820375	0.030213985983259	0.26924006415185536	0.1929334094953534	0.33193092690643056
27	0.2348078739811499	0.2848770788936002	0.030213985983259	0.2713381813388404	0.19717358349627612	0.3336940044379023
28	0.23756508557242348	0.28567897708548456	0.030213985983259	0.2734802381527781	0.20139178768372257	0.3355779159434936
29	0.2399817650548147	0.28637651866335656	0.030213985983259	0.27522683832414263	0.2054067710965134	0.3373245161148582
30	0.24227761056308633	0.2870081508007997	0.030213985983259	0.27707230265615046	0.20912516202737438	0.3388678955115671
31	0.2443372805764879	0.28776061691236243	0.030213985983259	0.27889030472131293	0.21256893028978183	0.3404167673616451
32	0.24699013555374916	0.2884746358503416	0.030213985983259	0.28092251246786915	0.21591932684491508	0.3418942373179252
33	0.24870378100489926	0.28899641892040334	0.030213985983259	0.28283937869367487	0.2196377177757761	0.34349803370169385
34	0.25078542083177713	0.28960058879100115	0.030213985983259	0.28437177318364565	0.22311993321176704	0.34478326779005647
35	0.25249906628292723	0.2901443416745392	0.030213985983259	0.28626666959597513	0.22629457125909	0.3461838433991695
36	0.2540369532262671	0.29086385306588747	0.030213985983259	0.2878924357932201	0.22924951117165016	0.3477052529824022
37	0.25578355339763165	0.2914625304831162	0.030213985983259	0.28949623217698883	0.23210558692356703	0.34912230595162247
38	0.2576070479161632	0.292066700353714	0.030213985983259	0.2909517323197926	0.23511545136981787	0.3503745853197706
39	0.2590076235252763	0.2926269305973592	0.030213985983259	0.29236329283564383	0.2380758837357471	0.3515884175143353
40	0.26078168596348617	0.2930608344135158	0.030213985983259	0.29364303447063733	0.2408440802337588	0.3530439176571391
41	0.26253927104158886	0.29339038161566006	0.030213985983259	0.29498319309269067	0.24336511633016236	0.3541753630511677
42	0.2641705296922029	0.2938737175121383	0.030213985983259	0.29611463848671926	0.24597403168047102	0.35550453676648286
43	0.265571105301316	0.29442845530241446	0.030213985983259	0.2972076367071644	0.24845662060329107	0.356833710481798
44	0.26704857525759607	0.2950381176263813	0.030213985983259	0.29843794626183623	0.2509831491530637	0.3582068238240657
45	0.2683228244392205	0.2953841421886328	0.030213985983259	0.29970121053672255	0.25330645692818066	0.3593053144978799
46	0.26964101324779755	0.2957356592042534	0.030213985983259	0.3008711031043346	0.25563525715666674	0.36058505613287345
47	0.2708548454423622	0.29616407056704086	0.030213985983259	0.30198607113825604	0.25767295735659207	0.36193619966166485
48	0.2719643210229145	0.29671331590394795	0.030213985983259	0.3030735769053321	0.2600951292923523	0.3633642375376233
49	0.27333194191181315	0.29711975745325925	0.030213985983259	0.3041391128589318	0.2625227936814816	0.36459454709229516
50	0.274479864665949	0.2974657820155107	0.030213985983259	0.30522661862600786	0.2647142825757409	0.36591822835424126
51	0.27607267614297953	0.29782828393786936	0.030213985983259	0.30624272249928597	0.26659270162796317	0.3671979699892348
52	0.2774897291121998	0.29822923303381155	0.030213985983259	0.30748950941406505	0.26865237164136474	0.3685546059713953
53	0.2786486367730738	0.2985203330623723	0.030213985983259	0.30868686424852254	0.2707065492013973	0.3698288551530198
54	0.2798569765142694	0.298965221785267	0.030213985983259	0.30981830964255114	0.27295296262934726	0.3710811345211679
55	0.2810213766285124	0.2994595425884834	0.030213985983259	0.3107465342619241	0.27488081376189116	0.37241580068985214
56	0.28197157106136167	0.2998440143243184	0.030213985983259	0.31172419096161874	0.2765779818529341	0.37367906496473846
57	0.28303710701496143	0.3002449634202606	0.030213985983259	0.3126798778478371	0.2784948480787398	0.3748544499857196
58	0.2841026429685612	0.30073928422347695	0.030213985983259	0.3138882175890327	0.28039523694443835	0.3761781312476657
59	0.28503086758793417	0.3011127710525738	0.030213985983259	0.31487685919546543	0.28254278621174506	0.37757321440340974
60	0.28600303183425974	0.3015796295889448	0.030213985983259	0.3156897422940879	0.2845585165981941	0.3790506843596898
61	0.28703012061427596	0.30190368433771997	0.030213985983259	0.31649713293934134	0.2866346639717029	0.380308456181207
62	0.2881615660083046	0.3022387239932333	0.030213985983259	0.3174363424654525	0.28868334907836635	0.38168156952347476
63	0.28888656985302197	0.30271656743634245	0.030213985983259	0.31845793879209966	0.29060570775754113	0.38334029044093415
64	0.29003449260715775	0.30311751653228464	0.030213985983259	0.3194795351187468	0.2923138607553222	0.3848177603972142
65	0.29101764176022143	0.3034745260012742	0.030213985983259	0.32027594085726213	0.2941428477272228	0.3861084869389459
66	0.29182503240547486	0.3038864600039546	0.030213985983259	0.3212151503833732	0.2959883120592306	0.3873058417734033
67	0.2927477645714788	0.3043203638201112	0.030213985983259	0.32229167124371116	0.2980644594327394	0.3885581211415515
68	0.293461783509458	0.304776237449744	0.030213985983259	0.3232253883164532	0.29971768789682973	0.3899367269371883
69	0.294466902475998	0.30534196014675835	0.030213985983259	0.3241316431223499	0.3014972427884087	0.391232945932289
70	0.29520289122745347	0.30578684886965307	0.030213985983259	0.3250763451018301	0.3033481995737856	0.39265549135487837
71	0.2961585781136718	0.3060285168178922	0.030213985983259	0.32594964518751235	0.30506733747830483	0.3941274688577894
72	0.2971252499066283	0.30657226970143026	0.030213985983259	0.3267350660192895	0.3069128018103126	0.39555550673374784
73	0.2980754443394776	0.3069457565305271	0.030213985983259	0.3273337434365182	0.3087308038754751	0.3972636597315289
74	0.29895972933189796	0.30744007733374346	0.030213985983259	0.32826746050926026	0.31064217764791174	0.3987576070479162
75	0.2997671199771514	0.30784102642968564	0.030213985983259	0.32909682096799	0.31268537030120613	0.4001856449238746
76	0.3006129577959883	0.3081870509919371	0.030213985983259	0.32993167388008876	0.31438253839224906	0.4017125469604763
77	0.3014807654283015	0.30853856800755763	0.030213985983259	0.3307939890590329	0.3162280027242569	0.403003273502208
78	0.30218929191291166	0.30886811520970187	0.030213985983259	0.33149702309027396	0.31782081420128744	0.404634532152822
79	0.3031339938923919	0.3092580793989059	0.030213985983259	0.3322330118417295	0.31951248983896124	0.4060955247489949
80	0.30390293736406176	0.30968099830832435	0.030213985983259	0.3330568798470901	0.32136893907770725	0.4074906079047389
81	0.30451259968802863	0.31008194740426653	0.030213985983259	0.33391370257266517	0.32334622229057275	0.40893512314080455
82	0.3050947997451502	0.3106366851945427	0.030213985983259	0.3347375705780258	0.3251532394489971	0.4107805874728124
83	0.3057703715095459	0.3111035437309137	0.030213985983259	0.3355065140496957	0.3267515433793967	0.41236241404310475
84	0.30656677724806114	0.31141661357295075	0.030213985983259	0.336302919788211	0.32858602280466637	0.41397170288024254
85	0.3075279565876486	0.3119329041896434	0.030213985983259	0.33715974251378605	0.3303710701496144	0.4153448162225103
86	0.3083298547795329	0.3123448381923237	0.030213985983259	0.33795614825230136	0.3319144495463234	0.4170749390337676
87	0.3091976624118461	0.31277324955511127	0.030213985983259	0.33874706153744755	0.333435859129556	0.41866225805742907
88	0.3097908473757058	0.3132620779049586	0.030213985983259	0.33944460311531954	0.3352263989278731	0.4203045016147813
89	0.31061471538106644	0.31374541380143683	0.030213985983259	0.3403069182942637	0.3370718632598809	0.4221279961333128
90	0.3113946437594745	0.31428367423160575	0.030213985983259	0.34104290704571916	0.3385932728431136	0.42376474723729596
91	0.3122459740316805	0.314997693169585	0.030213985983259	0.34192169958477053	0.3404332447217523	0.4253465738075884
92	0.3127787420084803	0.3154755366126942	0.030213985983259	0.34270712041654766	0.3424544675615704	0.4269998022716787
93	0.3134872684930905	0.3159423951490652	0.030213985983259	0.3435145110618011	0.3441845903728277	0.42861458356218557
94	0.314300151591713	0.31647516312586504	0.030213985983259	0.34443175077443594	0.3459806226245139	0.43026231957290684
95	0.31493178372915615	0.31695300656897424	0.030213985983259	0.3452830810466419	0.3476063888217589	0.43206933673133113
96	0.31572269701430233	0.31741986510534526	0.030213985983259	0.3460794867851572	0.34933101917964715	0.4336566557549926
97	0.3164806555792341	0.3180679746028956	0.030213985983259	0.3468539227101962	0.35105564953753543	0.43536480875277367
98	0.3172001669705824	0.3187050991937078	0.030213985983259	0.34776566996946195	0.35280224970889995	0.43697409758991146
99	0.31804600478941936	0.3193202539710438	0.030213985983259	0.3487213568556803	0.3544774479864666	0.4385888788804183
100	0.3186831293802316	0.3198475294944746	0.030213985983259	0.3496440890216842	0.3562350330645693	0.4402530922512468
101	0.3193806709581036	0.32031988048421467	0.030213985983259	0.35056132873431906	0.3579486785157194	0.4419941999692423
102	0.3200397653623921	0.3210723465957774	0.030213985983259	0.35140716655315596	0.35971175604719113	0.4436693982468089
103	0.3206823824065734	0.321583144759101	0.030213985983259	0.35219807983830215	0.361403431684865	0.44545444559175695
104	0.3213304919041237	0.3221323900960081	0.030213985983259	0.35304941011050817	0.36298525825515743	0.44723949293670495
105	0.3221433750027462	0.3227695146868203	0.030213985983259	0.35412593097084605	0.3647977678669508	0.44909594217545096
106	0.3229178109277852	0.32315398642265525	0.030213985983259	0.3549168442559923	0.36652239822483906	0.45095788386756597
107	0.3235274732517521	0.32370323175956234	0.030213985983259	0.35567480282092406	0.3682305512226201	0.45241338401036973
108	0.3243019091767911	0.3243568337104818	0.030213985983259	0.356597534986928	0.36983434760638884	0.4541819539952106
109	0.32510380736867545	0.324993958301294	0.030213985983259	0.35737197091196693	0.37160291759122965	0.45588461453962253
110	0.3256420677988444	0.3255267262780939	0.030213985983259	0.358151899290375	0.37305292528066436	0.45757079772392734
111	0.32626820748291846	0.3260100621745721	0.030213985983259	0.35901421446931914	0.3747226311048619	0.4592405035481249
112	0.3268339301799328	0.32660873959180087	0.030213985983259	0.3597227409539293	0.3763703671155832	0.46092668673242965
113	0.3274271151437924	0.32722938682250585	0.030213985983259	0.3604642221587539	0.3779192389656612	0.46250302084935296
114	0.32827844541599843	0.327701737812246	0.030213985983259	0.36124964299053103	0.3796548542302876	0.46432651536788455
115	0.3291132983280972	0.328245490695784	0.030213985983259	0.3620076015554628	0.38152778082914074	0.46590834193817693
116	0.3297339455588022	0.32891557000681065	0.030213985983259	0.3628314695608234	0.38331832062745785	0.4675615704022673
117	0.33044247204341237	0.32937144363644355	0.030213985983259	0.36360041303249335	0.3849935189050245	0.469401542280906
118	0.3310686117274864	0.32980534745260015	0.030213985983259	0.3643364017839488	0.38632269262033964	0.47098336885119846
119	0.33183755519915636	0.33043697959004326	0.030213985983259	0.3651163301623569	0.3882395588461454	0.4727739086495156
120	0.33263945339104073	0.3309203154865215	0.030213985983259	0.36592921326097944	0.39003009864446253	0.47461388052815434
121	0.33334797987565085	0.33161236461102445	0.030213985983259	0.36677505107981634	0.39165037238833844	0.47630555616582815
122	0.3340180591866775	0.3322110420282532	0.030213985983259	0.3675769492717007	0.3933695102928576	0.4781455280444669
123	0.3348144649251928	0.33280971944548193	0.030213985983259	0.368378847463585	0.3949238745963047	0.47980974141529537
124	0.3353637102620999	0.3333205176088055	0.030213985983259	0.36905441922798077	0.3963519124722631	0.48147944723949293
125	0.33604477447986464	0.33391370257266517	0.030213985983259	0.3697629457125909	0.3980875277368895	0.4831161983434761
126	0.33654458773645013	0.3345618120702155	0.030213985983259	0.3704604872904629	0.39981765054814683	0.4848243513412571
127	0.33712678779357164	0.3351220423138608	0.030213985983259	0.3711964760419184	0.40155875826614235	0.48661489113957423
128	0.3377144803040622	0.33564931783729157	0.030213985983259	0.3716853043917657	0.4034481622251027	0.48809785354922336
129	0.3383296350813982	0.3362534877078894	0.030213985983259	0.372481710130281	0.4050904057824549	0.48991036316101677
130	0.33895577476547223	0.33686315003185624	0.030213985983259	0.3732067139749983	0.40681503614034314	0.49155809917173804
131	0.3395983918096535	0.3375551991563592	0.030213985983259	0.37392073291297756	0.4084627721510644	0.4931728804622449
132	0.34027396357404927	0.33816486148032604	0.030213985983259	0.37454687259705166	0.4098688402135466	0.4948535711931806
133	0.3409110881648615	0.3387964936177692	0.030213985983259	0.3752883538018762	0.4116703649186018	0.4966441109914977
134	0.3415482127556737	0.33954346727596285	0.030213985983259	0.37603532746006985	0.4133785179163829	0.49814355076125405
135	0.3424489751082013	0.3401696069600369	0.030213985983259	0.3767218841312037	0.415092163367533	0.4999066282927258
136	0.34337170727420524	0.3408067315508491	0.030213985983259	0.3775347672298262	0.416794823911945	0.5013621284355296
137	0.34400883186501746	0.34136146934112527	0.030213985983259	0.3782213239009601	0.4183162334951776	0.5030867587934178
138	0.3448711470439616	0.3417734033438056	0.030213985983259	0.37903420699958257	0.4198486279851484	0.5046795702704484
139	0.34582683393017993	0.3424379902014632	0.030213985983259	0.37979216556451434	0.42149636399586965	0.5064975723356109
140	0.3465353604147901	0.34297075817826306	0.030213985983259	0.3804073203418503	0.42310565283300744	0.5079970121053672
141	0.34719445481907857	0.3435584506887536	0.030213985983259	0.38111584682646044	0.42462156996287104	0.5097655820902081
142	0.347848056769998	0.3440802337588154	0.030213985983259	0.3816541072566294	0.4262857833336995	0.5113199463936551
143	0.34835885493332164	0.3446294790957225	0.030213985983259	0.38245051299514465	0.4276808664894435	0.5130830239251268
144	0.3489795021640266	0.3454203923808687	0.030213985983259	0.3831260847595404	0.4296087176219874	0.5146318957752049
145	0.3496550739284223	0.34610145659863345	0.030213985983259	0.3836753300964475	0.4312289913658633	0.5160654261045323
146	0.35034712305292526	0.34660126985521894	0.030213985983259	0.38430696223389066	0.43299206889733505	0.517586835687765
147	0.35097326273699936	0.3472658567128765	0.030213985983259	0.38509787551903685	0.43473317661533056	0.5191521848979502
148	0.35161587978118064	0.3479304435705341	0.030213985983259	0.38568007557615835	0.4363314805457302	0.5206241624008612
149	0.35233539117252893	0.3485950304281917	0.030213985983259	0.3862348133664345	0.43774853351495047	0.5222609135048444
150	0.35299448557681745	0.34910582859151523	0.030213985983259	0.38686644550387767	0.439341344991981	0.5237933079948152
151	0.35357668563393896	0.3496111343014698	0.030213985983259	0.3876958059626074	0.4412307489509414	0.5254575213656436
152	0.35418085550453676	0.35018234945185317	0.030213985983259	0.3884153173539557	0.4428949623217699	0.5271491970033174
153	0.35509260276380256	0.35078102686908186	0.030213985983259	0.3889371004240174	0.444454819078586	0.528665114133181
154	0.3557846518883055	0.35124788540545293	0.030213985983259	0.38957422501482963	0.4459542588483424	0.530290880330426
155	0.3563338972252126	0.3518355779159435	0.030213985983259	0.3903541533932377	0.4477008590197069	0.5319056616209329
156	0.3573060614715381	0.3524727025067557	0.030213985983259	0.3910077553441571	0.44923874596304675	0.5332677900564624
157	0.35792670870224313	0.35330206296548544	0.030213985983259	0.39165037238833844	0.4508754970670299	0.53493749588066
158	0.35882747105477075	0.3537744139552255	0.030213985983259	0.3923424215128414	0.45252323307775116	0.53641496583694
159	0.3594426258321067	0.3544939253465738	0.030213985983259	0.3932596612254762	0.45397873322055493	0.5380956565678757
160	0.360398312718325	0.3552738537249819	0.030213985983259	0.3937320122152163	0.4554781729903113	0.5394852472702507
161	0.3611782410967331	0.35575718962146013	0.030213985983259	0.39435815189929035	0.4570654920139728	0.5410670738405431
162	0.36173847134037834	0.3562350330645693	0.030213985983259	0.39490739723619744	0.4585759166904673	0.5425774985170376
163	0.36239207329129774	0.35691060482896503	0.030213985983259	0.3954676274798427	0.46000395456642573	0.5440604609266867
164	0.36328185073708724	0.3575092822461937	0.030213985983259	0.39600039545664256	0.4615967660434563	0.545477513895907
165	0.36428147725025817	0.3580036030494101	0.030213985983259	0.3964672539930136	0.4632719643210229	0.5468616121449129
166	0.365044928268559	0.35863523518685325	0.030213985983259	0.3969945295164444	0.46485379089131534	0.5483226047410857
167	0.36591822835424126	0.3592558824175583	0.030213985983259	0.39764813146736383	0.4664795570885603	0.5497067029900916
168	0.3664839510512556	0.3598710371948942	0.030213985983259	0.39825230133796163	0.4680888459256981	0.5511676955862644
169	0.367214447349342	0.3603763429048487	0.030213985983259	0.3988399938484522	0.4698574159105389	0.5525627787420084
170	0.36791748138058306	0.36105191466924447	0.030213985983259	0.39963090713359845	0.47134037832018805	0.5538864600039546
171	0.3685381286112881	0.36157919019267526	0.030213985983259	0.4002625392710416	0.4729990992376475	0.555078322385043
172	0.3692905947228508	0.36211195816947517	0.030213985983259	0.4009765582090208	0.47433925785970077	0.556402003646989
173	0.3699551815805084	0.36280949974734716	0.030213985983259	0.40148186391897533	0.4757837730957664	0.5576487905617681
174	0.3707296175055474	0.3633697299909924	0.030213985983259	0.4021134960564185	0.4771678713447723	0.5591976624118461
175	0.37142166663005033	0.36384208098073245	0.030213985983259	0.402772590460707	0.4787442054616956	0.5605872531142211
176	0.3721027308478151	0.3646220093591405	0.030213985983259	0.40337676033130476	0.4801447810708087	0.5617077136015115
177	0.3728222422391634	0.3651712546960476	0.030213985983259	0.4040303622822242	0.48166619065404137	0.5634158665992925
178	0.3735582309906189	0.36576993211327635	0.030213985983259	0.4046619944196674	0.48303381154294	0.5647834874881912
179	0.37423929520838367	0.3665773227585298	0.030213985983259	0.40523320957005077	0.4844618494188984	0.5660412593097085
180	0.3749533141463629	0.3671540303622822	0.030213985983259	0.4057330228266362	0.4859832590021311	0.567403387745238
181	0.3756508557242349	0.36792846628732123	0.030213985983259	0.40630973043038865	0.4875211459454709	0.5687710086341367
182	0.37636487466221413	0.36845024935738296	0.030213985983259	0.40693037766109363	0.4889821385416438	0.5701276446162972
183	0.3770294615198717	0.3688566909066942	0.030213985983259	0.4074686380912626	0.49042665377770944	0.5713689390777072
184	0.37765560120394576	0.36937847397675594	0.030213985983259	0.4079959136146934	0.4917228727728102	0.5727365599666059
185	0.3782652635279126	0.3700265834743063	0.030213985983259	0.40862754575213656	0.49337060878353145	0.5739174374409561
186	0.37884197113166507	0.3706472307050113	0.030213985983259	0.4092646703429488	0.49483709383307334	0.5751916866225806
187	0.37945712590900105	0.37120196849528747	0.030213985983259	0.40979194586637957	0.49621569962871015	0.5765208603378957
188	0.38009974295318233	0.3719709119669574	0.030213985983259	0.41030823648307224	0.49750642617044183	0.5777456774391986
189	0.38070391282378013	0.3726300063712459	0.030213985983259	0.410753125205967	0.49899488103346	0.578794736032691
190	0.3814948261089263	0.37326163850868904	0.030213985983259	0.41127490827602875	0.5005931849638596	0.5801678493749588
191	0.3822198299536437	0.3737284970450601	0.030213985983259	0.4117747215326142	0.5018894039589604	0.581497023090274
192	0.38295032625173014	0.3743875914493486	0.030213985983259	0.41237339894984293	0.5032680097545972	0.5826669156578861
193	0.38355449612232795	0.37490388206604125	0.030213985983259	0.41302150844739327	0.5046246457367577	0.5838313157721291
194	0.38417514335303293	0.37555199156359165	0.030213985983259	0.4135762462376694	0.5057945383043698	0.5851220423138608
195	0.38477931322363074	0.37599688028648637	0.030213985983259	0.4141364764813147	0.5071456818331612	0.5863248896016873
196	0.3856361359492058	0.3765406331700244	0.030213985983259	0.41458685765757847	0.5084528857350001	0.5875661840630974
197	0.38610299448557683	0.3772381747478964	0.030213985983259	0.41514708790122373	0.5097820594503153	0.5887690313509238
198	0.38680053606344883	0.3776610936573149	0.030213985983259	0.4157183030516071	0.5111936199661665	0.589944416371905
199	0.38755300217501154	0.37835863523518687	0.030213985983259	0.41628951820199045	0.5124843465078982	0.5910758617659336
200	0.388288990926467	0.3788804183052486	0.030213985983259	0.4168058088186831	0.5137695805962608	0.591954654304985
201	0.3891018740250895	0.37935826174835774	0.030213985983259	0.4171738031944109	0.5151152316716832	0.5930366676186919
202	0.3897115363490564	0.3799349693521102	0.030213985983259	0.4176791089043654	0.5164608827471054	0.5943109168003163
203	0.39039809302019024	0.3804073203418503	0.030213985983259	0.41820638442779623	0.5177790715556825	0.5954863018212976
204	0.39098578553068086	0.38102247511918624	0.030213985983259	0.41877759957817956	0.5190093811103543	0.5966616868422787
205	0.39148010633389724	0.3815222883757717	0.030213985983259	0.4194147241689918	0.5201902585847046	0.5977491926093548
206	0.3920293516708043	0.3819891469121427	0.030213985983259	0.41974427137113607	0.521382120965793	0.5989849946173957
207	0.39263352154140213	0.38246149790188283	0.030213985983259	0.42017817518729267	0.5226453852406793	0.6002043192653295
208	0.39336401783948854	0.3829668036118373	0.030213985983259	0.42074939033767605	0.5237988004481842	0.6012863325790364
209	0.39408352923083684	0.3835984357492805	0.030213985983259	0.4212272337807852	0.5250291100028561	0.6023573609860052
210	0.39473713118175624	0.38407078673902056	0.030213985983259	0.4216391677834655	0.5260891535030867	0.6034833139266648
211	0.39549508974668807	0.3846584792495112	0.030213985983259	0.422062086692884	0.5273029856976514	0.6046367291341697
212	0.396033350176857	0.385185754772942	0.030213985983259	0.4224904980556715	0.5285003405321089	0.6057352198079838
213	0.39670892194125273	0.38577344728343255	0.030213985983259	0.42288595469824464	0.5296427708328756	0.606679921787464
214	0.3972252125579454	0.38645451150119736	0.030213985983259	0.42333084342113936	0.5309499747347145	0.6077893973680163
215	0.397741503174638	0.3868609530505086	0.030213985983259	0.423770239690665	0.5320869125821122	0.6088219786014016
216	0.3984115824856647	0.3872838719599271	0.030213985983259	0.42418766614671444	0.5332897598699387	0.6097941428477273
217	0.3991091240635367	0.3877397455895599	0.030213985983259	0.4245831227892875	0.5346079486785157	0.6111288090164114
218	0.3997407562009799	0.3882999758332052	0.030213985983259	0.42508842849924205	0.5357339016191752	0.6120625260891535
219	0.4005646242063405	0.3887997890897906	0.030213985983259	0.4256047191159347	0.5369092866401565	0.6130676450556934
220	0.40126765823758154	0.38931058725311424	0.030213985983259	0.4260331304787222	0.5379253905134346	0.61403431684865
221	0.40197069226882265	0.3897719533361162	0.030213985983259	0.4264176022145572	0.5390238811872488	0.6151492848825714
222	0.40254190741920604	0.3904475251005119	0.030213985983259	0.42680207395039216	0.5401278643144319	0.6161708812092185
223	0.4031295999296966	0.39093086099699015	0.030213985983259	0.42731287211371577	0.541215370081508	0.6171100907353296
224	0.4038655886811521	0.39152953841421884	0.030213985983259	0.42763692686249094	0.5425170815299778	0.617911988927214
225	0.40445877364501176	0.39206230639101874	0.030213985983259	0.42794450425115893	0.5435990948436847	0.6188621833600633
226	0.4050464661555023	0.3925401498341279	0.030213985983259	0.42834545334710106	0.5446811081573918	0.6198673023266033
227	0.40557923413230224	0.3929465913834392	0.030213985983259	0.4288287892435793	0.5458564931783729	0.6206582156117495
228	0.4061229870158402	0.3935397763472988	0.030213985983259	0.4292626930597359	0.5468011951578531	0.6215919326844915
229	0.4068974229408792	0.3941439462178966	0.030213985983259	0.4296746270624162	0.5480260122591559	0.622640991277984
230	0.40756750225190586	0.3949019047828284	0.030213985983259	0.42999868181119144	0.5489981765054814	0.6236021706175715
231	0.4081442098556583	0.39534679350572316	0.030213985983259	0.4303227365599666	0.5499978030186524	0.6245908122240043
232	0.40864951556561285	0.3957477426016653	0.030213985983259	0.4306412988553727	0.550980952171716	0.6253762330557814
233	0.4092372080761034	0.39628600303183426	0.030213985983259	0.4310752026715293	0.5519641013247798	0.6263209350352615
234	0.4098084232264868	0.39687918799569394	0.030213985983259	0.4314431970472571	0.5529142957576291	0.6271612804007294
235	0.41034119120328666	0.3974668805061845	0.030213985983259	0.43178372915613944	0.5540347562449195	0.6279631785926137
236	0.41098930070083706	0.3978678296021267	0.030213985983259	0.4321956631588198	0.5551497242788409	0.6288254937715578
237	0.41191752532021003	0.3984115824856647	0.030213985983259	0.4325526726278094	0.5561877979655953	0.6298086429246216
238	0.412455785750379	0.3989388580090955	0.030213985983259	0.4329316519102753	0.5572643188259332	0.6307972845310543
239	0.41284025748621395	0.39946064107915724	0.030213985983259	0.43329964628600304	0.5581705736318299	0.6316046751763078
240	0.41345541226354987	0.4000153788694334	0.030213985983259	0.4335687765010875	0.559269064305644	0.6324669903552519
241	0.4141145066678384	0.40050969967264977	0.030213985983259	0.43389283124986266	0.5601258870312191	0.6331810092932311
242	0.41470219917832896	0.4009381110354373	0.030213985983259	0.43432673506601926	0.5613452116791529	0.6339609376716392
243	0.4153448162225103	0.401382999758332	0.030213985983259	0.4347441615220687	0.5622679438451568	0.634806775490476
244	0.4159764483599534	0.401921260188501	0.030213985983259	0.4350242766438913	0.563366434518971	0.6356635982160511
245	0.4166794823911945	0.4023661489113957	0.030213985983259	0.43536480875277367	0.5642067798844388	0.6365314058483643
246	0.4172287277281016	0.40279456027418326	0.030213985983259	0.435699848408287	0.5651954214908715	0.6373937210273085
247	0.4180196410132478	0.40323395654370897	0.030213985983259	0.4361172748643364	0.566079706483292	0.6383219456466814
248	0.4186677505107982	0.4037117999868181	0.030213985983259	0.43650723905354044	0.5670189160094031	0.6391348287453039
249	0.41929389019487223	0.40437089439110663	0.030213985983259	0.43686424852253003	0.5679032010018235	0.6399971439242481
250	0.41988158270536285	0.4047553661269416	0.030213985983259	0.43724872025836503	0.5688259331678274	0.6408649515565613
251	0.42061757145681833	0.40521673220994353	0.030213985983259	0.4375837599138783	0.5698200672276292	0.6416613572950766
252	0.4211118922600347	0.4055407869587187	0.030213985983259	0.43791879956939167	0.5708965880879672	0.6423973460465321
253	0.4215567809829295	0.4059856756816135	0.030213985983259	0.4382263769580596	0.5717753806270185	0.6431498121580947
254	0.42204560933277674	0.4066118153656875	0.030213985983259	0.4385888788804183	0.5727200826064986	0.6440011424303008
255	0.4228584924313993	0.407034734275106	0.030213985983259	0.4389898279763605	0.5734945185315377	0.6448140255289233
256	0.42325394907397235	0.407501592811477	0.030213985983259	0.4392534657380759	0.5743952808840653	0.645648878441022
257	0.42361645099633105	0.4078805720939429	0.030213985983259	0.4395610431267439	0.5751971790759497	0.6462310784981435
258	0.42405035481248765	0.4082211042028253	0.030213985983259	0.43991805259573347	0.5759716150009886	0.6470164993299207
259	0.42456115297581126	0.40857262121844584	0.030213985983259	0.44017070545071074	0.5768064679130874	0.647736010721269
260	0.42518180020651625	0.4088692137003757	0.030213985983259	0.44050574510622403	0.5776413208251862	0.6485269240064152
261	0.42562668892941097	0.40917679108904365	0.030213985983259	0.44076389041457037	0.5784487114704396	0.649213480677549
262	0.42610453237252016	0.40974251378605797	0.030213985983259	0.4411263923369291	0.5792945492892765	0.6499329920688973
263	0.4266977173363798	0.41018191005558363	0.030213985983259	0.4413845376452754	0.5801348946547443	0.6505701166597095
264	0.42731836456708483	0.41067073840543095	0.030213985983259	0.44162071314014545	0.5810850890875936	0.6513445525847485
265	0.4279609816112661	0.41100577806094424	0.030213985983259	0.4418733659951227	0.581969374080014	0.652157435683371
266	0.4284992420414351	0.4113353252630885	0.030213985983259	0.4422358679174814	0.5827328250983149	0.6529099017949338
267	0.4290759496451875	0.4118516158797812	0.030213985983259	0.4426093547465782	0.5834797987565086	0.6535085792121625
268	0.42972405914273787	0.4123349517762594	0.030213985983259	0.44286750005492453	0.5841059384405827	0.6540358547355933
269	0.43020190258584706	0.4127413933255707	0.030213985983259	0.44314212272337805	0.5849352988993124	0.6546674868730364
270	0.4307346705626469	0.41315881978162006	0.030213985983259	0.4434057604850935	0.5856987499176132	0.6552881341037414
271	0.4310642177647912	0.413543291517455	0.030213985983259	0.44366390579343984	0.5864951556561285	0.6559746907748754
272	0.4316134631016983	0.4139387481600281	0.030213985983259	0.44399345299558407	0.5871377727003098	0.6567051870729618
273	0.4321407386251291	0.4143012500823868	0.030213985983259	0.4443559549179427	0.5878078520113365	0.6572214776896544
274	0.4328163103895248	0.4147351538985434	0.030213985983259	0.4445756530527056	0.5885767954830063	0.657962958894479
275	0.43354131423424214	0.41514708790122373	0.030213985983259	0.44488323044137357	0.5893017993277238	0.6584517872443263
276	0.434068589757673	0.41552057473032056	0.030213985983259	0.4451578531098271	0.589938923918536	0.6591548212755673
277	0.43467825208163985	0.41587758419931015	0.030213985983259	0.4454654304984951	0.5906749126699914	0.6598743326669156
278	0.4352220049651778	0.4162291012149307	0.030213985983259	0.4457839927939012	0.5913559768877562	0.6605718742447877
279	0.4356119691543819	0.41680031636531406	0.030213985983259	0.4460915701825692	0.592108442999319	0.6611925214754927
280	0.43602939561043125	0.4170145220467078	0.030213985983259	0.44643759474482064	0.592734582683393	0.6618735856932575
281	0.4365347013203858	0.41740448623591186	0.030213985983259	0.4466518004262144	0.5932618582068239	0.6625107102840697
282	0.4370070523101259	0.41779445042511587	0.030213985983259	0.44689896082782254	0.5939703846914339	0.6632851462091087
283	0.43753432783355667	0.41836566557549926	0.030213985983259	0.44716809104290706	0.5946514489091987	0.6638014368258014
284	0.4379517542896061	0.41885449392534657	0.030213985983259	0.4473822967243008	0.5951897093393677	0.664466023683459
285	0.4383417184788101	0.4192499505679197	0.030213985983259	0.44765691939275437	0.5958982358239778	0.6650537161939495
286	0.43867675813432344	0.4197552562778742	0.030213985983259	0.4478271854471956	0.5965957774018499	0.6657622426785597
287	0.4392095261111233	0.4200738185732803	0.030213985983259	0.4480633609420656	0.5972988114330909	0.6662895182019904
288	0.43984115824856646	0.4204692752158534	0.030213985983259	0.44827756662345936	0.597842564316629	0.6667893314585759
289	0.44024210734450864	0.4209416262055935	0.030213985983259	0.44852472702506757	0.598463211547334	0.6673770239690665
290	0.4407803677746776	0.42140299228859546	0.030213985983259	0.4487773798800448	0.5990673814179318	0.6678383900520685
291	0.4410989300700837	0.4219467451721335	0.030213985983259	0.44898060065470047	0.599704506008744	0.6685139618164642
292	0.4415163565261331	0.4224136037085045	0.030213985983259	0.44915635916251073	0.6002372739855438	0.6690686996067403
293	0.4419447678889206	0.42270470373706526	0.030213985983259	0.4494254893775952	0.6007315947887603	0.6695740053166949
294	0.44241162642529164	0.42310565283300744	0.030213985983259	0.4495737856185601	0.6013192872992509	0.6701067732934948
295	0.4428015906144957	0.4234516773952589	0.030213985983259	0.4498374233802755	0.6020223213304919	0.6708262846848431
296	0.4432464793373904	0.4237922095041413	0.030213985983259	0.45009007623525277	0.6026100138409825	0.671364545115012
297	0.44375178504734497	0.4242535755871433	0.030213985983259	0.4503042819166465	0.6033569874991761	0.6718533734648593
298	0.44421315113034693	0.4246874794032999	0.030213985983259	0.450496517784564	0.6039117252894523	0.6724136037085046
299	0.4446525473998726	0.42495660961838433	0.030213985983259	0.4506338291187908	0.6045213876134191	0.6729244018718281
300	0.4451743304699343	0.42536854362106463	0.030213985983259	0.4507986027198629	0.605125557484017	0.673380275501461
301	0.4454269833249116	0.4257255530900543	0.030213985983259	0.4510128084012567	0.6057297273546147	0.6738800887580464
302	0.44582243996748466	0.4260221455719841	0.030213985983259	0.4512929235230793	0.6063943142122723	0.6744238416415844
303	0.4461959267965815	0.4262857833336995	0.030213985983259	0.4515565612847947	0.6069655293626557	0.6750609662323966
304	0.44654195135883296	0.42659885317573654	0.030213985983259	0.45175978205945033	0.6075477294197772	0.6756486587428873
305	0.44707471933563286	0.4270162796317859	0.030213985983259	0.4519849726475822	0.6080859898499462	0.6762528286134851
306	0.4475855174989564	0.42737328910077554	0.030213985983259	0.452122283981809	0.608613265373377	0.6767581343234396
307	0.44799195904826766	0.42770832875628884	0.030213985983259	0.4523474745699409	0.6092558824175582	0.677329349473823
308	0.4483105213436738	0.4279829514247424	0.030213985983259	0.4525506953445965	0.6097886503943581	0.6777852231034559
309	0.4486290836390799	0.4284388250543753	0.030213985983259	0.4527813783860975	0.6103378957312653	0.6783509458004702
310	0.4489311685743788	0.42882329679021025	0.030213985983259	0.4529406595338006	0.6109750203220775	0.6788507590570556
311	0.44924423841641586	0.42933409495353386	0.030213985983259	0.45314937276182526	0.6115901750994134	0.6792517081529977
312	0.44959026297866733	0.4296746270624162	0.030213985983259	0.45340202561680254	0.6121174506228442	0.6797185666893688
313	0.449952764901026	0.43004811389151304	0.030213985983259	0.45362172375156534	0.6126886657732276	0.6801634554122635
314	0.45026034228969397	0.43037216864028827	0.030213985983259	0.4537755124458993	0.6132763582837182	0.680745655469385
315	0.45062833666542174	0.4306797460289562	0.030213985983259	0.45396225586044775	0.6137102620998748	0.6811960366456489
316	0.45087000461366084	0.4309653536041479	0.030213985983259	0.45416547663510337	0.6143913263176396	0.6815750159281148
317	0.4512929235230793	0.43133334797987566	0.030213985983259	0.45438517476986623	0.6148801546674869	0.6820034272909024
318	0.45167739525891426	0.4316134631016983	0.030213985983259	0.45451150119735484	0.6153634905639651	0.6825142254542259
319	0.45214974624865434	0.43195399521058064	0.030213985983259	0.4546652898916888	0.6158468264604433	0.6829920688973351
320	0.45250126326427487	0.43226157259924863	0.030213985983259	0.4548904804798207	0.6164784585978865	0.6834424500735988
321	0.4529186897203243	0.4327394160423578	0.030213985983259	0.45513764088142894	0.6169563020409957	0.6838983237032318
322	0.45338005580332624	0.43309093305797836	0.030213985983259	0.45526396730891755	0.6175549794582244	0.6843157501592811
323	0.45371509545883953	0.4334644198870752	0.030213985983259	0.4554232484566206	0.6181646417821912	0.6848649954961883
324	0.4540666124744601	0.43375551991563593	0.030213985983259	0.4556264692312762	0.6185381286112881	0.6852934068589758
325	0.45442911439681877	0.4340960520245183	0.030213985983259	0.4557857503789793	0.6190654041347189	0.6857382955818705
326	0.45477513895907024	0.43446404640024605	0.030213985983259	0.45593953907331325	0.6194388909638158	0.686084320144122
327	0.4551815805083815	0.4346672671749017	0.030213985983259	0.4561372673945998	0.6198947645934486	0.686474284333326
328	0.4555221126172639	0.4349034426697717	0.030213985983259	0.4563130259024101	0.6203012061427599	0.6868148164422084
329	0.45599446360700396	0.4352220049651778	0.030213985983259	0.45642836742316056	0.6207955269459763	0.6871992881780433
330	0.4563295032625173	0.43556253707406023	0.030213985983259	0.45660412593097083	0.6212184458553947	0.6876057297273546
331	0.4568348089724718	0.4359195465430499	0.030213985983259	0.4567304523584595	0.6216633345782895	0.6880780807170948
332	0.4570874618274491	0.4361721993980271	0.030213985983259	0.45688424105279346	0.622174132741613	0.6884460750928224
333	0.457312652415581	0.4364358371597425	0.030213985983259	0.4570874618274491	0.6226959158116747	0.6888689940022409
334	0.4576092448975108	0.4368093239888393	0.030213985983259	0.45722477316167587	0.6231682668014149	0.6892150185644924
335	0.45807610343388183	0.437171825911198	0.030213985983259	0.45735659204253354	0.6236076630709405	0.6895939978469583
336	0.4585154997034075	0.43739701649932994	0.030213985983259	0.4575323505503438	0.6240964914207878	0.6900004393962695
337	0.4588175846387064	0.4376112221807237	0.030213985983259	0.45771909396489224	0.6245633499571589	0.6903135092383066
338	0.45911417712063624	0.4378364127688556	0.030213985983259	0.4578728826592262	0.6249258518795175	0.6906924885207725
339	0.45939429224245887	0.43800118636992774	0.030213985983259	0.45803765626029835	0.6253432783355669	0.6911648395105126
340	0.45974031680471034	0.43831425621196474	0.030213985983259	0.45817496759452514	0.6258211217786761	0.6916097282334073
341	0.45993255267262784	0.4385724015203111	0.030213985983259	0.45830129402201375	0.6262605180482018	0.6920381395961949
342	0.46026759232814113	0.4388195619219193	0.030213985983259	0.458477052529824	0.6266779445042512	0.6923841641584463
343	0.46064107915723795	0.4390612298701584	0.030213985983259	0.45859788650394356	0.627128325680515	0.6926917415471142
344	0.461031043346442	0.4393633148054573	0.030213985983259	0.4586912582112178	0.627435903069183	0.6931531076301162
345	0.46143748489575326	0.43967089219412525	0.030213985983259	0.4588670167190281	0.6278038974449107	0.6934057604850935
346	0.4616407056704089	0.43987960542215	0.030213985983259	0.4589878506931476	0.6282323088076982	0.6937023529670233
347	0.4620141924995057	0.4402091526242942	0.030213985983259	0.45909769976052905	0.6285563635564734	0.6940923171562273
348	0.46228332271459016	0.44034097150515195	0.030213985983259	0.45932838280203003	0.6288529560384032	0.6943449700112047
349	0.4625963925566272	0.44060460926686734	0.030213985983259	0.4594272469626733	0.6293143221214051	0.694680009666718
350	0.46295889447898586	0.44086824702858274	0.030213985983259	0.459559065843531	0.6297701957510381	0.694993079508755
351	0.463431245468726	0.4410824527099765	0.030213985983259	0.45971834699123404	0.6302095920205637	0.6953171342575302
352	0.4637607926708702	0.44124173385767956	0.030213985983259	0.45988861304567524	0.6305061845024936	0.6957070984467342
353	0.4639914757123712	0.44146143199244237	0.030213985983259	0.4600314168332711	0.6309620581321265	0.6961025550893073
354	0.46441988707515874	0.4417745018344794	0.030213985983259	0.4601247885405453	0.6315113034690335	0.6964430871981897
355	0.46476041918404115	0.44197772260913504	0.030213985983259	0.4603115319550937	0.631862820484654	0.6968165740272865
356	0.46511742865303074	0.4422193905573742	0.030213985983259	0.46044884328932045	0.6323900960080849	0.6971131665092163
357	0.46552936265571104	0.4424006415185535	0.030213985983259	0.4605751697168091	0.6327361205703363	0.697475668431575
358	0.46581497023090274	0.44269723400048333	0.030213985983259	0.460723465957774	0.6330601753191115	0.697783245820243
359	0.46607311553924907	0.4429279170419843	0.030213985983259	0.46086626974536987	0.6334171847881012	0.69809631566228
360	0.46632576839422635	0.4432354944306523	0.030213985983259	0.460954148999275	0.6338620735109959	0.6984313553177933
361	0.46662236087615616	0.4435925038996419	0.030213985983259	0.4610585056132873	0.6342355603400928	0.6987389327064614
362	0.46696289298503857	0.44392754355515524	0.030213985983259	0.4612397565744667	0.6345760924489751	0.6990245402816531
363	0.46726497792033744	0.44410879451633456	0.030213985983259	0.4613550980952172	0.6349880264516554	0.6993815497506426
364	0.467539600588791	0.4443284926510974	0.030213985983259	0.46155282641650375	0.6353285585605378	0.6995902629786673
365	0.4679075949645187	0.44460860777292	0.030213985983259	0.4616846452973614	0.6357350001098491	0.6999747347145022
366	0.46819869499307953	0.44478436628073026	0.030213985983259	0.4618439264450645	0.6361249642990531	0.7002438649295868
367	0.468467825208164	0.444993079508755	0.030213985983259	0.46196476041918405	0.6364709888613046	0.7005789045851001
368	0.46871498560977215	0.44531713425753017	0.030213985983259	0.46213502647362525	0.6367950436100798	0.7008754970670299
369	0.4690060856383329	0.4455697871125074	0.030213985983259	0.4622229057275304	0.6370806511852715	0.701188566909067
370	0.46930817057363183	0.4457839927939012	0.030213985983259	0.46230529252806646	0.6374706153744755	0.7014961442977349
371	0.46960476305556165	0.44597073620844957	0.030213985983259	0.4623821868752334	0.6378331172968341	0.7017762594195576
372	0.4698354460970626	0.4462178966100578	0.030213985983259	0.46245358876903137	0.6381077399652877	0.7020398971812729
373	0.4700496517784564	0.44635520794428457	0.030213985983259	0.46256893028978185	0.6384647494342773	0.7022980424896192
374	0.47034624426038624	0.4466133532526309	0.030213985983259	0.4626787793571633	0.6387778192763144	0.7025561877979656
375	0.4706483291956851	0.44685502120087	0.030213985983259	0.4627941208779138	0.6391128589318277	0.7027868708394666
376	0.47087351978381703	0.44698684008172773	0.030213985983259	0.46298086429246216	0.6394369136806028	0.7030285387877057
377	0.4711865896258541	0.44718456840301424	0.030213985983259	0.4630687435463673	0.6397774457894853	0.7032976690027901
378	0.47138431794714064	0.44742074389788433	0.030213985983259	0.4632170397873322	0.6400300986444625	0.7035283520442911
379	0.4716918953358086	0.44775029110002856	0.030213985983259	0.46339279829514246	0.6403980930201902	0.7038359294329591
380	0.47188962365709514	0.4479315420612079	0.030213985983259	0.46353010962936925	0.6406837005953819	0.7040940747413055
381	0.4721312916053343	0.4481127930223872	0.030213985983259	0.46365643605685786	0.6410187402508952	0.7043302502361755
382	0.4723894369136806	0.4482720741700903	0.030213985983259	0.4637662851242393	0.6412604081991344	0.7045499483709383
383	0.47267504448887226	0.448480787398115	0.030213985983259	0.46390359645846607	0.6415679855878024	0.704758661598963
384	0.4729331897972186	0.4485906364654964	0.030213985983259	0.4639914757123712	0.6419854120438517	0.7049618823736187
385	0.47319682755893405	0.4488542742272118	0.030213985983259	0.46413427949996705	0.6422490498055672	0.7052365050420722
386	0.47347145022738757	0.4490684799086056	0.030213985983259	0.4642331436606103	0.6426609838082474	0.7055770371509545
387	0.4736746710020432	0.44928268558999934	0.030213985983259	0.4642990531010392	0.6429081442098556	0.7057582881121339
388	0.47394380121712765	0.44952984599160756	0.030213985983259	0.4644143946217897	0.6431553046114639	0.7060329107805875
389	0.47417997671199774	0.44965617241909617	0.030213985983259	0.4645022738756948	0.6434409121866556	0.7062526089153504
390	0.4745424786343564	0.449875870553859	0.030213985983259	0.4646121229430762	0.6437210273084781	0.7065052617703276
391	0.47464683524836876	0.44998022716787134	0.030213985983259	0.46471647955708856	0.6439846650701936	0.7067359448118286
392	0.47485554847639344	0.45022189511611044	0.030213985983259	0.46477689654414833	0.6441933782982182	0.706928180679746
393	0.47505327679768	0.4503592064503372	0.030213985983259	0.464903222971637	0.6445064481402553	0.7071533712678779
394	0.4753059296526572	0.4505569347716238	0.030213985983259	0.4649636399586968	0.6448030406221851	0.7074115165762243
395	0.4755036579739438	0.4508205725333392	0.030213985983259	0.46504053430586373	0.6451106180108531	0.7076367071643562
396	0.47579475800250454	0.4509688687743041	0.030213985983259	0.4651558758266142	0.6454072104927829	0.707856405299119
397	0.4760913504844344	0.4512489838961267	0.030213985983259	0.4652712173473647	0.6456653558011293	0.7080980732473582
398	0.47621218445855396	0.45143023485730605	0.030213985983259	0.46529867961421006	0.6459289935628446	0.7083507261023354
399	0.47638245051299516	0.4515730386449019	0.030213985983259	0.4653865588681152	0.6461596766043456	0.7086198563174199
400	0.4765582090208054	0.4517268273392359	0.030213985983259	0.46543599094843685	0.6464562690862754	0.7087956148252301
401	0.47671749016850845	0.4519355405672606	0.030213985983259	0.465523870202342	0.6466485049541929	0.7090922073071599
402	0.4768218467825208	0.4521167915284399	0.030213985983259	0.46564470417646153	0.6468956653558011	0.7093064129885537
403	0.476992112836962	0.45232001230309554	0.030213985983259	0.46574356833710484	0.647115363490564	0.709559065843531
404	0.47720631851835577	0.4525287255311202	0.030213985983259	0.46582595513764086	0.6473680163455412	0.7097622866181866
405	0.47739855438627327	0.45267702177208513	0.030213985983259	0.4658973570314388	0.6476041918404113	0.7099929696596876
406	0.4776182525210361	0.4527923632928356	0.030213985983259	0.4659687589252367	0.647818397521805	0.7102126677944505
407	0.47781048838895357	0.4529626293472768	0.030213985983259	0.4660511457257728	0.6480710503767823	0.7103994112089989
408	0.47804117143045455	0.4531438803084562	0.030213985983259	0.4661390249796779	0.6482907485115451	0.7105751697168091
409	0.4782993167388009	0.4533086539095283	0.030213985983259	0.4662543665004284	0.6485708636333678	0.7107838829448337
410	0.4784860601533493	0.4534459652437551	0.030213985983259	0.4664081551947624	0.6488290089417141	0.7110090735329657
411	0.4787167431948503	0.4536601709251488	0.030213985983259	0.4665234967155129	0.6490596919832151	0.7112562339345739
412	0.47900784322341106	0.45384691433969726	0.030213985983259	0.46666080804973964	0.6493398071050377	0.7114210075356461
413	0.4792934507986027	0.454061120021091	0.030213985983259	0.466765164663752	0.6495704901465387	0.7115638113232419
414	0.4795735659204253	0.4542753257024848	0.030213985983259	0.46683107410418084	0.6497846958279324	0.7117670320978975
415	0.4798426961355098	0.4544236219434497	0.030213985983259	0.4668914910912406	0.6501032581233386	0.7118988509787552
416	0.480012962189951	0.45462135026473627	0.030213985983259	0.46696289298503857	0.6503559109783158	0.7120471472197201
417	0.48018872069776125	0.45478612386580836	0.030213985983259	0.4670397873322055	0.6505591317529714	0.7122174132741613
418	0.4803754641123097	0.45497835973372586	0.030213985983259	0.4671331590394798	0.6508172770613178	0.7123766944218644
419	0.48051826789990554	0.4551321484280598	0.030213985983259	0.4672375156534921	0.6510809148230332	0.712508513302722
420	0.48080387547509723	0.45529692202913197	0.030213985983259	0.4673144100006591	0.6512841355976888	0.7126403321835798
421	0.4810510358767054	0.45548915789704947	0.030213985983259	0.4673693345343498	0.651542280906035	0.7128710152250808
422	0.48123777929125383	0.45573631829865763	0.030213985983259	0.4674462288815168	0.6517455016806908	0.7130193114660457
423	0.48134762835863526	0.45586813717951535	0.030213985983259	0.4675450930421601	0.65192675264187	0.7131676077070106
424	0.48149592459960017	0.4559670013401586	0.030213985983259	0.4676110024825889	0.6521739130434783	0.7133598435749281
425	0.48168266801414855	0.4560823428609091	0.030213985983259	0.46768240437638686	0.6524265658984555	0.7135905266164291
426	0.48183096425511346	0.456230639101874	0.030213985983259	0.4677483138168157	0.6526023244062658	0.7137223454972867
427	0.4819188435090186	0.4564118900630534	0.030213985983259	0.4678252081639827	0.6528384999011358	0.7139255662719424
428	0.4820726322033526	0.45656567875738735	0.030213985983259	0.46785267043082807	0.6529648263286245	0.7141068172331216
429	0.48230880769822265	0.4567853768921502	0.030213985983259	0.46796801195157856	0.653162554649911	0.7142660983808248
430	0.4824406265790803	0.45690621086626976	0.030213985983259	0.46802842893863833	0.6533547905178285	0.7143704549948371
431	0.48260540018015247	0.45708196937408	0.030213985983259	0.4681108157391744	0.6534536546784718	0.7145462135026474
432	0.48286903794186786	0.4572192807083068	0.030213985983259	0.46817672517960324	0.6536733528132346	0.7148208361711009
433	0.48303381154294	0.4573236373223191	0.030213985983259	0.46820967989981765	0.6538820660412593	0.7149911022255421
434	0.48325350967770286	0.45747742601665314	0.030213985983259	0.4682591119801393	0.6540797943625458	0.7151064437462926
435	0.48341828327877495	0.4575378430037129	0.030213985983259	0.4684074082211042	0.6543928642045829	0.7153261418810555
436	0.4835610870663708	0.4576312147109871	0.030213985983259	0.46846233275479493	0.6546894566865127	0.7154854230287585
437	0.4837093833073357	0.4576861392446778	0.030213985983259	0.4685611969154382	0.6548981699145374	0.715677658896676
438	0.48396752861568204	0.45784542039238085	0.030213985983259	0.4686380912626052	0.655013511435288	0.7158149702309028
439	0.48412131731001606	0.45792231473954786	0.030213985983259	0.4686875233429268	0.6552387020234198	0.7159358042050223
440	0.48437946261836234	0.45801568644682206	0.030213985983259	0.4687644176900938	0.6554529077048136	0.7161280400729397
441	0.48454972867280355	0.4581200430608344	0.030213985983259	0.46881384977041546	0.655639651119362	0.7162873212206429
442	0.4847694268075664	0.4581969374080014	0.030213985983259	0.4688468044906299	0.6558648417074939	0.7165015269020366
443	0.4849616626754839	0.458317771382121	0.030213985983259	0.4688907441175824	0.6560680624821495	0.716682777863216
444	0.4850550343827581	0.45843860535624054	0.030213985983259	0.4689236988377969	0.6562877606169124	0.7168255816508118
445	0.4851923457169849	0.4585209921567766	0.030213985983259	0.4689676384647494	0.6565019662983061	0.7169464156249313
446	0.48534613441131885	0.4586033789573127	0.030213985983259	0.4690500252652855	0.6567601116066525	0.7170837269591581
447	0.48551640046576006	0.45873519783817035	0.030213985983259	0.46909945734560715	0.6569798097414153	0.7172100533866468
448	0.48573609860052286	0.4588395544521827	0.030213985983259	0.4691818441461432	0.657183030516071	0.7173693345343498
449	0.48589537974822594	0.4590482676802074	0.030213985983259	0.4692312762264648	0.6573368192104049	0.7175231232286838
450	0.4860491684425599	0.4591636092009579	0.030213985983259	0.4692752158534174	0.6575290550783224	0.717693389283125
451	0.4860601533492981	0.4591855790144342	0.030213985983259	0.4692752158534174	0.6575290550783224	0.717693389283125
452	0.4860711382560362	0.4591855790144342	0.030213985983259	0.46928620076015554	0.6575290550783224	0.717693389283125
453	0.4860711382560362	0.4591855790144342	0.030213985983259	0.46928620076015554	0.6575290550783224	0.717693389283125
454	0.4860711382560362	0.4591855790144342	0.030213985983259	0.46928620076015554	0.6575290550783224	0.717693389283125
455	0.4860711382560362	0.4591855790144342	0.030213985983259	0.46928620076015554	0.6575290550783224	0.717693389283125
456	0.4860711382560362	0.4591855790144342	0.030213985983259	0.46928620076015554	0.6575290550783224	0.717693389283125
457	0.4860711382560362	0.4591855790144342	0.030213985983259	0.46928620076015554	0.6575290550783224	0.717693389283125
458	0.4860711382560362	0.4591855790144342	0.030213985983259	0.46928620076015554	0.6575290550783224	0.717693389283125
459	0.4860711382560362	0.4591855790144342	0.030213985983259	0.46928620076015554	0.6575290550783224	0.717693389283125
460	0.4860711382560362	0.4591855790144342	0.030213985983259	0.46928620076015554	0.6575290550783224	0.717693389283125
461	0.4860711382560362	0.4591855790144342	0.030213985983259	0.46928620076015554	0.6575290550783224	0.717693389283125
462	0.4860711382560362	0.4591855790144342	0.030213985983259	0.46928620076015554	0.6575290550783224	0.717693389283125
463	0.4860711382560362	0.4591855790144342	0.030213985983259	0.46928620076015554	0.6575290550783224	0.717693389283125
464	0.4860711382560362	0.4591855790144342	0.030213985983259	0.46928620076015554	0.6575290550783224	0.717693389283125
465	0.4860711382560362	0.4591855790144342	0.030213985983259	0.46928620076015554	0.6575290550783224	0.717693389283125
466	0.4860711382560362	0.4591855790144342	0.030213985983259	0.46928620076015554	0.6575290550783224	0.717693389283125
467	0.4860711382560362	0.4591855790144342	0.030213985983259	0.46928620076015554	0.6575290550783224	0.717693389283125
468	0.4860711382560362	0.4591855790144342	0.030213985983259	0.46928620076015554	0.6575290550783224	0.717693389283125
469	0.4860711382560362	0.4591855790144342	0.030213985983259	0.46928620076015554	0.6575290550783224	0.717693389283125
470	0.4860711382560362	0.4591855790144342	0.030213985983259	0.46928620076015554	0.6575290550783224	0.717693389283125
471	0.4860711382560362	0.4591855790144342	0.030213985983259	0.46928620076015554	0.6575290550783224	0.717693389283125
472	0.4860711382560362	0.4591855790144342	0.030213985983259	0.46928620076015554	0.6575290550783224	0.717693389283125
473	0.4860711382560362	0.4591855790144342	0.030213985983259	0.46928620076015554	0.6575290550783224	0.717693389283125
474	0.4860711382560362	0.4591855790144342	0.030213985983259	0.46928620076015554	0.6575290550783224	0.717693389283125
475	0.4860711382560362	0.4591855790144342	0.030213985983259	0.46928620076015554	0.6575290550783224	0.717693389283125
476	0.4860711382560362	0.4591855790144342	0.030213985983259	0.46928620076015554	0.6575290550783224	0.717693389283125
477	0.4860711382560362	0.4591855790144342	0.030213985983259	0.46928620076015554	0.6575290550783224	0.717693389283125
478	0.4860711382560362	0.4591855790144342	0.030213985983259	0.46928620076015554	0.6575290550783224	0.717693389283125
479	0.4860711382560362	0.4591855790144342	0.030213985983259	0.46928620076015554	0.6575290550783224	0.717693389283125
480	0.4860711382560362	0.4591855790144342	0.030213985983259	0.46928620076015554	0.6575290550783224	0.717693389283125
481	0.4860711382560362	0.4591855790144342	0.030213985983259	0.46928620076015554	0.6575290550783224	0.717693389283125
482	0.4860711382560362	0.4591855790144342	0.030213985983259	0.46928620076015554	0.6575290550783224	0.717693389283125
483	0.4860711382560362	0.4591855790144342	0.030213985983259	0.46928620076015554	0.6575290550783224	0.717693389283125
484	0.4860711382560362	0.4591855790144342	0.030213985983259	0.46928620076015554	0.6575290550783224	0.717693389283125
485	0.4860711382560362	0.4591855790144342	0.030213985983259	0.46928620076015554	0.6575290550783224	0.717693389283125
486	0.4860711382560362	0.4591855790144342	0.030213985983259	0.46928620076015554	0.6575290550783224	0.717693389283125
487	0.4860711382560362	0.4591855790144342	0.030213985983259	0.46928620076015554	0.6575290550783224	0.717693389283125
488	0.4860711382560362	0.4591855790144342	0.030213985983259	0.46928620076015554	0.6575290550783224	0.717693389283125
489	0.4860711382560362	0.4591855790144342	0.030213985983259	0.46928620076015554	0.6575290550783224	0.717693389283125
490	0.4860711382560362	0.4591855790144342	0.030213985983259	0.46928620076015554	0.6575290550783224	0.717693389283125
491	0.4860711382560362	0.4591855790144342	0.030213985983259	0.46928620076015554	0.6575290550783224	0.717693389283125
492	0.4860711382560362	0.4591965639211723	0.030213985983259	0.46928620076015554	0.6575290550783224	0.717693389283125
493	0.4860711382560362	0.4591965639211723	0.030213985983259	0.46928620076015554	0.6575290550783224	0.717693389283125
494	0.4860711382560362	0.4591965639211723	0.030213985983259	0.46928620076015554	0.6575290550783224	0.717693389283125
495	0.4860711382560362	0.4591965639211723	0.030213985983259	0.46928620076015554	0.6575290550783224	0.717693389283125
496	0.4860711382560362	0.4591965639211723	0.030213985983259	0.46928620076015554	0.6575290550783224	0.717693389283125
497	0.4860711382560362	0.4591965639211723	0.030213985983259	0.46928620076015554	0.6575290550783224	0.717693389283125
498	0.4860711382560362	0.4591965639211723	0.030213985983259	0.46928620076015554	0.6575290550783224	0.717693389283125
499	0.4860711382560362	0.4591965639211723	0.030213985983259	0.46928620076015554	0.6575290550783224	0.717693389283125
500	0.4860711382560362	0.4591965639211723	0.030213985983259	0.46928620076015554	0.6575290550783224	0.717693389283125
